12	104	114	50	17	7	6
16	102	123	51	22	4	14
17	102	117	42	21	7	10
18	104	114	38	9	4	8
19	108	119	45	17	7	10
34	101	114	28	13	6	8
39	104	117	76	30	10	13
44	103	115	64	33	10	12
46	104	118	55	18	7	12
53	102	125	69	20	5	13
67	104	117	66	26	6	7
88	102	119	83	30	7	15
95	105	114	24	7	6	9
99	107	117	29	10	8	0
107	104	117	84	32	8	16
109	100	121	60	27	8	12
110	103	117	71	25	7	13
111	102	117	82	37	7	17
115	108	123	59	23	6	10
119	106	122	57	23	6	13
133	100	123	39	13	7	9
139	.	117	61	24	.	8
145	102	118	92	32	11	18
149	103	117	45	21	8	13
152	101	128	90	30	7	13
156	102	122	96	32	7	14
159	106	116	30	14	7	3
164	106	117	89	28	6	10
174	103	119	65	30	8	8
180	102	121	59	23	11	8
182	.	122	0	3	.	0
185	106	119	36	14	5	7
201	102	116	75	25	8	16
213	107	114	53	24	13	9
221	101	114	52	22	9	9
237	103	116	66	28	10	14
244	102	119	78	30	3	16
249	100	118	76	30	6	11
250	103	122	65	30	8	12
261	102	116	51	22	9	12
277	102	119	86	30	7	15
278	102	115	49	18	9	7
284	102	121	56	19	9	10
289	111	124	88	30	8	13
293	101	113	73	20	4	17
304	109	117	92	31	8	20
310	.	125	53	21	.	12
316	.	109	36	13	.	5
320	102	121	66	25	5	18
325	102	118	78	38	11	14
337	.	114	39	13	.	6
341	101	117	81	32	.	17
351	123	119	93	42	12	20
356	103	121	88	29	5	17
357	103	117	59	24	8	12
366	103	119	94	27	7	19
374	102	120	25	12	6	3
376	100	123	25	14	7	3
377	106	122	54	23	7	9
380	.	124	96	24	.	19
386	.	118	43	18	.	14
402	104	118	55	26	9	9
403	103	118	45	23	8	16
405	.	124	53	23	.	12
415	.	121	48	23	.	9
421	106	122	88	25	8	16
422	108	118	88	29	7	17
425	100	116	45	12	9	7
426	119	118	31	13	5	5
435	101	114	82	29	8	17
436	103	119	47	27	6	13
437	100	121	93	36	9	18
451	101	117	96	39	8	19
460	103	116	74	24	6	12
464	112	124	54	23	8	11
468	100	121	51	19	6	12
471	103	114	35	18	6	7
483	103	116	88	31	7	9
492	102	116	50	23	8	12
499	119	126	24	8	6	6
506	121	123	81	23	8	16
508	103	123	36	14	5	2
513	.	136	75	33	.	12
519	105	120	82	32	8	14
522	102	120	92	27	10	13
524	102	115	33	17	7	3
527	102	117	78	33	11	15
533	103	117	77	31	7	14
541	101	119	84	33	10	11
545	103	118	50	16	5	7
546	109	121	40	19	7	8
547	102	114	92	31	9	17
555	102	118	54	24	8	5
563	105	116	84	26	6	17
571	104	119	42	19	3	9
572	103	117	20	10	7	5
577	102	118	72	27	4	17
605	101	116	56	20	5	10
619	.	116	50	21	.	7
621	104	116	42	27	5	11
622	104	115	54	26	9	8
625	119	119	69	23	8	13
633	102	119	88	36	8	18
638	115	123	46	16	6	18
642	103	121	83	39	10	17
649	108	125	68	22	10	15
651	103	115	51	32	11	11
654	102	114	49	24	7	12
674	102	118	92	25	5	19
675	111	131	44	21	7	13
680	102	117	80	34	8	18
689	101	118	83	36	8	12
699	102	124	84	34	9	18
706	102	117	51	22	11	7
711	.	121	91	31	.	17
718	102	117	49	21	9	9
727	105	119	66	26	5	16
737	103	115	81	24	4	14
739	.	135	63	38	.	16
744	104	118	59	27	6	13
745	103	118	68	28	6	12
748	116	128	64	24	8	8
767	113	114	39	13	7	3
777	106	120	33	14	5	7
782	102	114	81	23	8	14
789	107	117	59	23	9	6
790	100	117	45	20	8	.
793	100	118	77	31	8	12
802	102	120	12	3	8	0
808	102	120	76	36	6	18
810	102	114	80	23	8	13
813	104	115	57	21	10	9
823	.	127	25	14	.	.
829	102	115	56	19	7	11
832	105	116	59	20	7	9
836	102	118	29	9	6	3
842	102	115	29	12	5	9
843	107	115	45	18	5	9
849	104	120	91	31	6	18
850	117	119	72	26	8	16
853	101	122	66	30	9	11
858	102	116	74	21	9	14
859	101	114	91	28	7	19
871	102	117	76	29	7	12
883	104	119	84	24	9	15
884	.	120	86	23	.	11
895	.	117	78	27	.	14
899	102	124	50	21	8	11
902	104	113	52	17	7	6
912	104	125	45	13	8	9
921	116	125	56	18	7	13
923	103	117	80	26	8	10
925	104	119	51	17	8	.
930	104	119	93	30	7	15
931	100	118	90	40	9	13
934	105	116	54	16	8	12
941	.	115	83	26	.	15
944	103	117	95	29	7	16
950	100	122	84	23	7	14
953	.	121	55	19	.	10
961	102	117	61	22	6	17
967	102	114	83	28	7	15
968	102	117	72	27	5	13
980	101	117	88	27	7	13
990	102	114	35	15	3	10
991	102	120	54	23	6	11
995	103	114	33	12	6	4
1024	104	116	73	24	7	14
1026	103	114	70	34	10	14
1042	104	118	46	12	5	6
1052	103	119	96	32	8	15
1055	107	119	89	36	9	12
1059	104	118	58	25	7	5
1079	101	117	84	24	8	19
1084	107	117	38	18	7	5
1085	103	121	12	5	5	1
1093	102	116	54	14	6	9
1104	102	119	77	32	8	14
1119	102	117	91	31	9	19
1120	102	122	43	19	7	14
1126	103	118	49	17	5	12
1129	102	119	60	36	9	15
1135	104	118	76	25	5	17
1142	102	117	100	33	8	18
1147	101	114	41	21	9	10
1154	104	114	89	24	6	15
1157	103	124	57	27	4	12
1169	101	116	37	17	9	4
1170	103	123	95	38	9	16
1171	100	117	85	30	8	16
1194	101	116	81	32	6	10
1223	106	106	80	34	11	19
1228	102	117	69	27	8	11
1230	102	117	81	30	8	20
1232	107	118	49	19	7	9
1245	102	115	84	33	8	17
1254	109	120	88	31	9	8
1256	103	117	68	29	9	19
1257	102	117	94	28	12	19
1259	117	117	88	34	8	14
1261	106	120	86	34	9	15
1265	104	122	59	30	9	13
1267	103	114	63	28	8	12
1271	.	118	87	30	.	15
1276	103	115	50	19	7	11
1291	102	124	97	36	10	19
1295	121	133	42	18	7	12
1303	102	114	36	14	5	11
1308	.	125	97	37	.	18
1309	102	117	81	17	8	18
1322	101	118	45	19	7	9
1330	103	119	82	40	9	17
1333	108	120	97	27	8	19
1337	117	118	79	36	13	16
1338	104	125	40	12	6	9
1339	103	114	59	32	7	9
1341	103	116	61	28	6	13
1343	103	117	50	21	6	10
1356	101	118	48	21	8	10
1359	103	118	38	15	7	5
1363	101	123	58	15	7	12
1365	102	117	73	30	9	12
1366	.	115	60	24	.	10
1368	102	123	84	36	8	15
1371	102	125	93	41	10	19
1372	104	120	32	18	7	9
1373	103	118	79	32	7	11
1391	99	119	77	26	7	17
1396	106	120	75	32	11	15
1403	102	117	62	24	6	13
1404	101	115	61	29	7	13
1418	102	127	92	32	10	19
1422	110	140	91	31	7	18
1429	104	117	81	30	11	16
1446	101	127	93	37	.	18
1453	104	119	60	24	8	10
1458	104	114	47	21	5	9
1469	105	125	69	24	6	10
1476	102	118	40	14	7	7
1480	99	115	81	28	6	17
1481	104	119	71	32	8	9
1484	100	122	81	37	7	15
1494	.	117	86	22	.	17
1496	104	114	27	11	9	2
1497	.	121	79	31	.	13
1515	105	124	38	16	7	7
1521	104	115	80	29	7	9
1522	106	117	78	34	7	15
1535	.	128	44	22	.	6
1544	100	117	53	27	8	10
1566	103	126	52	27	5	13
1575	118	120	78	33	7	12
1576	105	118	63	34	7	12
1584	103	118	77	36	8	18
1585	101	119	93	27	9	17
1588	104	117	48	18	6	12
1593	.	114	54	14	.	9
1596	104	114	91	30	7	19
1605	101	115	87	31	8	15
1609	103	116	54	29	9	13
1611	102	124	55	22	9	11
1619	101	117	78	34	7	15
1627	103	113	79	24	7	14
1636	.	132	85	33	.	14
1642	101	137	54	23	5	9
1650	103	117	93	32	9	17
1658	106	117	78	29	9	18
1673	102	116	82	32	8	14
1676	102	115	48	23	9	8
1677	118	135	60	23	7	12
1680	.	121	41	11	.	8
1683	104	121	86	29	7	14
1684	115	127	16	4	2	0
1685	115	123	47	19	8	15
1698	102	115	59	25	6	13
1711	102	117	41	14	6	8
1718	105	116	60	16	6	8
1726	103	117	44	18	4	9
1733	.	121	61	22	.	15
1755	107	122	71	23	6	15
1767	103	115	90	38	10	19
1775	.	125	64	25	.	13
1776	104	124	55	19	6	14
1780	107	110	43	19	10	11
1786	104	114	81	34	12	14
1795	102	113	53	27	7	12
1797	103	118	72	29	6	16
1811	111	122	52	27	6	9
1827	101	125	47	23	9	11
1833	102	117	96	37	8	18
1836	106	123	90	39	7	17
1840	.	130	70	29	.	12
1842	102	124	99	38	8	18
1843	.	120	67	21	.	18
1844	114	122	47	22	7	14
1847	.	133	84	31	.	18
1860	102	117	62	29	10	12
1865	101	114	50	23	6	13
1867	102	114	78	28	7	14
1871	.	123	57	13	.	9
1891	113	115	39	14	6	10
1893	103	120	71	22	4	12
1919	101	121	57	23	8	9
1920	102	115	57	28	6	13
1925	109	120	64	27	7	11
1930	102	121	96	34	6	16
1931	100	123	83	29	7	16
1935	104	121	72	20	7	12
1944	113	121	48	13	6	8
1945	.	122	68	23	.	13
1953	102	116	34	14	9	6
1959	106	115	45	12	4	8
1968	101	122	94	41	9	17
1970	.	118	60	24	.	14
1976	119	119	45	24	11	10
1979	104	117	85	25	8	13
1980	120	129	67	19	.	14
1982	102	118	78	35	8	14
1998	104	122	57	20	6	11
1999	104	117	61	22	8	13
2013	.	117	91	23	.	19
2017	100	117	63	19	6	16
2019	105	115	46	21	9	13
2025	104	114	45	14	6	12
2026	103	114	91	34	10	17
2030	103	118	81	24	7	14
2042	102	117	56	19	4	9
2050	103	114	42	10	2	1
2053	113	122	91	34	7	19
2058	104	118	58	21	5	10
2062	102	115	87	32	8	18
2064	102	115	82	34	11	15
2078	103	115	75	26	2	14
2082	101	123	93	37	10	18
2084	105	117	64	23	8	16
2086	105	117	85	30	11	15
2115	104	113	55	21	9	14
2120	105	120	42	17	8	9
2122	103	119	53	21	9	12
2124	102	114	88	25	8	13
2125	101	115	85	19	6	14
2129	103	117	39	17	8	14
2130	.	126	29	12	.	5
2142	102	118	96	29	8	17
2144	108	118	39	19	6	10
2146	101	114	66	26	8	12
2160	.	118	94	34	.	19
2161	103	116	29	15	6	6
2162	104	118	83	33	5	15
2167	114	123	61	34	8	15
2181	100	115	82	33	6	16
2184	102	118	88	30	10	19
2186	102	118	71	29	6	13
2192	102	124	81	29	8	14
2203	104	115	39	16	6	8
2204	104	117	56	14	6	15
2206	103	119	14	11	8	3
2215	104	114	46	18	8	11
2221	.	119	98	40	.	18
2232	.	130	97	40	.	18
2238	103	117	50	24	10	9
2240	103	114	58	20	6	12
2244	104	120	70	26	7	13
2248	105	114	84	30	8	15
2249	105	114	78	37	9	13
2253	101	119	62	29	9	18
2256	104	133	91	31	6	20
2266	103	118	79	33	7	13
2272	.	117	42	14	.	9
2279	114	123	86	29	8	12
2282	101	119	56	18	6	14
2284	102	118	77	26	8	17
2290	103	117	37	11	3	6
2299	102	118	82	31	9	16
2300	101	114	34	18	9	8
2302	102	114	39	16	8	5
2305	102	117	43	22	7	13
2312	.	124	87	32	.	18
2322	.	115	46	18	.	6
2329	118	124	76	27	8	16
2338	103	121	81	39	9	13
2343	106	122	63	27	9	10
2353	103	115	75	21	3	10
2357	100	114	79	30	8	17
2359	101	116	82	40	8	13
2363	102	120	73	33	6	15
2371	102	122	77	31	7	11
2386	111	114	60	21	8	14
2393	102	118	92	33	8	20
2406	102	118	95	36	8	19
2417	.	114	59	28	.	13
2419	.	122	40	15	.	8
2421	103	119	79	26	7	18
2425	103	115	53	13	4	8
2433	103	116	50	21	10	7
2443	105	118	43	17	7	10
2455	103	116	24	9	3	4
2459	121	128	77	22	6	12
2469	102	119	83	30	6	13
2473	107	122	52	15	6	12
2474	102	118	64	24	6	14
2475	103	115	79	26	7	16
2477	107	117	88	28	7	17
2483	.	120	85	30	.	19
2494	.	122	37	17	.	4
2499	115	119	82	31	7	16
2509	102	114	57	15	6	7
2518	103	115	90	38	8	17
2525	120	124	88	33	11	17
2527	105	120	65	21	6	7
2547	103	114	82	24	7	15
2555	101	119	63	34	7	12
2563	103	115	49	19	9	7
2564	99	118	56	20	7	11
2566	104	116	93	34	9	19
2579	101	119	88	35	9	17
2583	105	115	79	30	6	16
2587	.	121	46	18	.	11
2593	102	124	90	31	6	15
2595	103	116	75	28	6	18
2599	118	119	95	33	10	18
2600	104	116	81	36	7	17
2602	103	115	58	19	10	13
2613	.	124	88	32	.	17
2614	.	119	48	23	.	9
2622	103	120	79	36	8	16
2624	102	117	40	20	5	10
2636	102	119	25	12	7	2
2648	103	117	65	27	7	13
2655	99	114	37	17	6	10
2656	112	119	34	14	9	9
2658	.	117	38	16	.	7
2667	.	134	94	26	.	17
2669	107	130	97	30	3	18
2682	103	117	77	29	7	18
2696	103	119	41	17	8	6
2698	103	119	63	25	7	12
2706	109	119	73	27	7	15
2708	108	120	92	33	5	.
2714	106	122	75	32	5	9
2721	103	116	94	39	9	19
2725	112	125	36	16	7	5
2729	109	117	70	38	11	13
2736	105	117	65	28	8	13
2740	102	119	61	25	5	14
2743	105	117	61	27	7	12
2748	103	122	24	10	8	5
2755	103	115	78	33	10	16
2756	107	115	52	22	6	10
2757	100	116	54	25	7	11
2761	102	114	58	21	7	11
2766	102	117	81	28	6	16
2769	103	125	70	18	6	15
2777	102	115	39	18	9	3
2778	103	114	86	30	7	14
2780	.	119	94	34	.	19
2785	103	115	55	20	8	10
2787	104	117	66	21	8	12
2789	102	113	14	11	8	3
2791	102	122	49	19	9	10
2796	103	118	44	17	4	6
2798	101	122	82	20	9	18
2804	101	116	66	28	7	10
2810	101	119	92	28	7	17
2820	.	120	23	9	.	5
2827	104	122	69	22	7	14
2829	104	117	81	25	7	14
2833	.	117	12	3	.	0
2839	.	122	25	12	.	1
2840	.	117	75	24	.	14
2844	107	120	53	25	8	16
2870	102	114	54	26	10	13
2872	104	119	82	37	9	16
2876	105	121	47	14	6	9
2879	101	118	63	24	7	10
2885	101	130	52	22	6	12
2900	102	116	33	10	8	5
2901	102	116	63	25	7	17
2903	100	117	57	21	7	10
2919	104	116	66	25	6	15
2921	103	117	66	20	7	11
2925	.	117	91	33	.	17
2932	102	115	53	15	7	6
2934	102	116	42	18	7	7
2938	102	114	85	28	8	15
2942	104	117	89	36	11	16
2948	102	119	82	31	8	16
2961	102	117	69	25	9	12
2962	103	122	35	15	3	7
2963	103	114	59	23	2	9
2972	105	114	52	27	8	11
2973	103	117	55	21	8	6
2977	.	123	83	26	.	16
2979	104	118	88	36	8	18
2986	99	114	36	13	9	5
2988	105	117	79	23	7	17
2995	.	121	22	8	.	4
2998	103	119	38	16	5	6
3002	.	119	53	17	.	12
3008	101	118	66	24	7	13
3009	102	117	63	18	6	10
3010	.	118	37	19	.	8
3014	100	122	27	17	7	1
3020	102	118	67	22	8	14
3034	102	126	32	16	5	2
3036	102	118	87	30	7	17
3046	.	118	52	19	.	12
3055	103	123	55	20	5	13
3059	102	120	78	16	6	14
3063	100	118	89	34	4	17
3065	100	117	87	28	4	18
3070	101	117	92	38	8	15
3086	103	115	55	20	6	11
3092	111	121	96	39	7	20
3097	103	116	90	25	7	15
3104	103	114	82	33	6	18
3109	108	118	39	18	8	7
3116	103	117	57	32	8	12
3122	101	119	80	37	7	18
3127	105	117	42	15	7	12
3138	104	117	33	9	8	7
3139	102	119	56	16	6	10
3156	104	128	81	41	11	15
3164	102	119	32	16	10	8
3166	103	116	77	23	7	14
3172	105	114	41	15	7	14
3185	103	128	55	18	7	10
3187	107	121	42	18	7	11
3194	108	128	36	14	3	7
3196	105	116	52	18	5	4
3199	.	119	95	33	.	19
3204	107	120	54	25	7	10
3224	104	117	87	34	7	16
3226	102	117	82	32	8	10
3229	103	118	86	33	6	19
3238	.	129	91	39	.	15
3240	109	123	94	37	10	15
3245	.	120	59	20	.	9
3247	102	118	67	22	6	16
3257	100	114	74	25	10	20
3269	104	116	66	26	6	18
3277	103	116	61	21	5	16
3283	105	120	72	16	7	10
3298	101	124	68	31	7	12
3302	.	130	24	9	.	1
3311	.	119	34	15	.	7
3317	101	118	76	30	4	12
3319	104	113	59	26	7	14
3323	102	122	60	27	9	10
3327	102	118	95	37	9	19
3328	109	117	68	28	8	14
3338	105	115	66	28	5	13
3339	107	120	83	29	11	16
3345	118	119	90	31	9	17
3346	103	121	77	30	4	14
3347	106	118	78	25	7	9
3349	102	113	23	10	6	4
3370	104	121	94	30	7	14
3373	.	117	57	20	.	12
3379	99	123	94	33	5	16
3382	104	118	76	37	9	16
3383	103	118	44	16	5	12
3388	103	123	23	10	5	5
3400	117	117	87	34	11	14
3418	103	120	64	23	8	14
3422	.	119	76	25	.	17
3440	103	118	38	19	9	6
3465	.	116	90	31	.	16
3466	106	118	65	29	10	16
3468	.	122	98	34	.	19
3477	104	116	73	28	8	11
3481	.	117	79	25	.	16
3484	102	117	63	17	8	17
3497	101	115	52	28	7	11
3500	103	118	62	21	8	16
3504	103	114	66	25	5	9
3518	101	115	56	20	8	13
3528	.	127	46	25	.	11
3540	102	117	79	25	8	14
3543	103	115	54	17	6	16
3558	105	116	39	14	8	8
3572	103	114	91	34	11	15
3577	.	125	89	29	.	15
3582	101	125	68	28	7	14
3583	103	117	55	20	6	8
3585	104	118	72	29	6	13
3599	103	117	83	40	9	17
3606	104	117	96	37	7	19
3609	100	118	60	21	7	11
3616	.	122	78	26	.	17
3638	102	115	36	15	7	7
3640	102	116	53	23	6	12
3648	.	118	77	26	.	18
3652	102	113	64	25	9	14
3663	107	122	70	28	6	11
3676	104	117	56	15	.	15
3682	105	114	47	15	2	6
3686	100	123	94	28	8	19
3687	102	118	91	30	10	15
3690	103	115	45	11	3	7
3711	.	117	63	21	.	14
3715	103	121	94	40	7	16
3716	105	126	67	20	8	16
3717	116	129	77	31	8	18
3719	109	117	85	29	6	13
3740	105	118	77	32	8	18
3741	102	114	71	23	7	13
3762	100	116	84	30	9	16
3769	104	117	41	12	10	11
3779	104	117	97	31	9	17
3795	107	119	72	24	9	12
3797	102	128	46	26	8	14
3799	102	117	44	22	7	14
3809	.	115	14	11	.	1
3828	103	117	83	30	8	12
3831	99	118	55	21	6	16
3832	106	115	77	19	8	13
3834	103	114	69	24	8	15
3846	103	120	95	33	9	18
3848	104	116	75	30	7	11
3851	103	117	47	21	5	4
3854	117	128	22	9	4	1
3858	102	118	66	23	8	15
3861	104	119	85	28	7	18
3864	104	128	99	33	8	20
3865	103	115	80	26	7	17
3867	102	129	92	29	6	16
3869	104	134	91	37	12	16
3870	100	120	40	19	7	6
3871	102	123	96	23	6	18
3872	103	117	81	30	7	16
3888	99	116	73	19	9	15
3895	100	120	53	19	7	6
3900	.	119	50	23	.	13
3905	102	118	60	33	6	11
3912	.	140	88	30	.	19
3922	99	121	90	36	10	17
3933	102	115	78	27	10	14
3943	102	117	89	29	6	17
3968	.	126	14	7	.	2
3970	.	121	43	14	.	2
3972	100	116	56	23	9	15
3974	106	127	93	31	8	11
3985	103	116	69	18	6	11
3988	105	124	86	33	7	20
3989	103	116	66	33	6	13
4002	102	116	82	34	11	11
4006	103	115	44	18	7	8
4009	111	114	60	27	10	14
4011	.	119	85	28	.	15
4012	112	124	94	32	11	17
4026	103	121	54	25	9	8
4036	102	114	59	27	9	9
4037	102	118	17	7	5	0
4038	102	119	84	26	8	19
4053	101	129	82	34	6	11
4054	103	118	73	36	8	10
4058	109	116	85	30	8	16
4064	.	135	35	20	.	6
4078	102	114	91	40	8	14
4084	108	122	60	33	8	14
4086	.	122	23	11	.	1
4098	.	117	73	29	.	13
4099	105	114	81	31	5	16
4110	102	116	44	17	5	11
4115	104	121	59	30	9	15
4118	103	118	80	22	11	15
4120	110	123	76	23	8	15
4121	103	118	51	23	8	9
4124	101	115	81	33	9	17
4129	102	114	88	34	12	16
4131	101	123	48	24	6	9
4133	102	116	80	36	11	15
4139	103	116	92	36	8	18
4155	102	117	82	21	8	15
4157	101	115	16	11	4	2
4160	103	113	49	26	7	11
4180	103	117	65	24	6	9
4191	103	130	61	23	7	13
4193	107	116	36	25	9	7
4199	103	118	49	20	5	7
4201	.	124	8	4	.	.
4205	102	117	89	37	11	17
4232	103	115	44	21	7	10
4242	.	115	83	21	.	14
4245	105	115	76	28	8	16
4264	.	122	64	22	.	18
4274	103	114	69	24	7	10
4282	100	113	56	29	8	10
4283	101	118	50	18	6	12
4284	105	119	69	34	11	7
4287	99	117	26	10	6	2
4294	113	120	67	21	9	10
4303	121	116	55	33	7	11
4306	101	123	28	11	8	6
4307	114	126	34	15	11	4
4308	102	118	65	20	4	13
4316	105	116	45	13	4	18
4320	105	114	40	13	4	6
4327	102	119	58	32	9	14
4330	.	123	67	19	.	12
4333	103	114	88	28	8	13
4334	.	118	55	20	.	14
4354	103	118	42	19	8	4
4361	104	117	30	16	8	2
4368	102	118	43	15	7	4
4371	108	118	69	31	8	12
4379	106	137	93	30	8	19
4380	103	113	56	21	5	8
4381	.	116	27	15	.	2
4384	102	118	96	35	8	16
4389	103	123	86	38	8	18
4390	102	117	77	32	8	18
4393	103	118	72	33	9	16
4397	102	123	62	35	.	16
4399	102	118	48	16	5	7
4402	103	117	39	23	8	5
4410	.	121	64	25	.	12
4412	120	124	89	32	8	19
4420	.	118	51	19	.	12
4437	103	119	83	37	11	14
4446	103	117	54	18	10	10
4450	102	117	87	33	10	14
4451	102	120	90	33	8	20
4456	101	118	55	17	8	9
4457	103	116	86	30	7	13
4467	.	115	19	11	.	0
4496	100	116	59	23	7	13
4501	103	117	100	40	13	19
4508	108	126	71	27	6	10
4509	101	117	50	22	8	6
4511	.	121	70	22	.	15
4520	100	117	53	22	7	6
4525	101	119	35	12	4	6
4528	107	115	55	18	5	12
4544	105	117	65	25	11	11
4550	105	123	59	27	7	11
4555	102	118	28	13	6	2
4557	103	119	85	32	10	19
4559	102	117	51	19	8	13
4560	102	117	56	18	6	14
4568	102	121	90	36	9	18
4573	103	127	68	32	3	11
4575	110	123	92	40	6	18
4576	118	121	36	18	7	8
4582	104	114	81	23	5	13
4603	.	125	72	34	.	10
4606	103	115	57	26	10	9
4612	104	116	62	24	8	13
4614	108	115	47	23	6	11
4619	102	117	90	39	7	16
4622	104	118	42	19	9	6
4627	.	117	80	29	.	15
4639	102	114	86	31	11	19
4649	104	124	78	33	9	15
4656	101	116	91	28	9	14
4657	119	119	87	26	7	15
4659	103	128	96	39	10	16
4684	101	116	60	31	8	7
4692	103	119	83	31	5	17
4702	103	120	83	22	5	14
4711	103	118	46	20	8	14
4718	105	120	82	36	9	18
4719	103	120	76	24	9	13
4723	102	119	81	29	2	17
4728	100	116	86	22	8	18
4730	105	117	84	30	7	14
4735	103	118	64	31	7	16
4743	103	114	51	18	5	14
4752	102	120	52	19	9	10
4756	113	129	96	35	8	16
4764	103	117	47	19	10	5
4768	102	119	51	22	5	12
4780	104	121	96	34	11	19
4786	105	114	72	29	6	14
4795	106	115	74	33	8	16
4798	103	120	80	28	7	18
4802	102	117	69	29	8	12
4807	.	122	43	17	.	4
4809	101	124	85	31	8	17
4810	102	117	86	33	10	18
4815	104	119	74	25	8	13
4822	105	123	89	32	12	17
4833	103	117	56	30	10	12
4834	.	119	54	17	.	13
4835	103	120	83	33	6	10
4836	105	118	92	38	11	18
4839	103	115	43	16	6	9
4848	102	118	69	35	7	15
4850	102	113	25	9	6	5
4867	102	123	82	37	8	17
4887	102	114	85	27	5	14
4890	.	128	69	31	.	13
4898	103	119	78	29	8	14
4914	.	123	83	29	.	18
4915	101	116	37	22	7	10
4916	102	123	39	14	7	11
4917	102	118	55	26	10	11
4925	103	121	87	24	3	14
4928	102	119	81	36	8	13
4932	103	120	32	16	6	3
4933	.	114	53	17	.	13
4934	.	123	78	27	.	17
4938	103	118	63	31	6	15
4941	.	116	81	29	.	16
4945	.	119	47	21	.	10
4953	.	115	74	27	.	10
4959	103	119	34	14	6	2
4960	101	117	73	28	3	16
4966	101	118	93	34	8	15
4971	113	119	90	26	7	14
4973	102	116	92	33	9	16
4981	103	116	85	29	4	17
4993	102	117	50	23	7	12
5001	103	119	13	3	8	0
5002	119	121	85	28	3	12
5013	104	120	56	27	8	13
5016	120	126	74	38	10	12
5019	97	125	28	11	6	.
5023	103	118	75	35	10	18
5041	105	118	76	27	8	12
5047	103	118	65	31	7	14
5048	.	138	39	17	.	9
5049	109	120	37	18	7	6
5053	.	116	22	11	.	.
5077	103	115	70	23	10	13
5080	102	121	48	18	3	12
5083	104	115	89	29	9	16
5091	104	117	78	27	9	15
5095	.	116	62	32	.	11
5099	103	118	83	33	6	14
5106	102	117	36	14	6	6
5108	104	117	31	14	7	6
5113	103	121	63	32	8	12
5116	103	121	65	32	9	11
5138	102	115	60	23	9	10
5139	105	115	80	29	.	16
5147	103	121	68	25	7	15
5149	103	118	62	26	7	13
5154	.	118	45	18	.	5
5157	102	116	61	23	7	11
5167	104	116	55	29	9	19
5168	102	119	69	32	7	12
5173	.	124	82	17	.	15
5178	104	120	79	26	3	16
5179	103	114	64	26	6	6
5183	.	117	91	29	.	18
5184	99	115	50	17	7	17
5186	100	123	65	27	6	12
5187	102	127	93	34	8	19
5200	102	120	81	27	7	17
5207	103	115	57	15	5	13
5212	104	114	74	35	8	15
5220	104	118	70	29	11	15
5222	102	116	18	10	8	0
5229	.	116	83	33	.	15
5230	103	118	74	34	12	13
5235	102	116	86	29	10	13
5236	103	115	53	16	6	9
5237	.	125	50	19	.	7
5251	103	117	80	27	8	17
5254	102	117	92	29	6	14
5262	101	117	85	35	10	16
5265	102	119	12	3	7	2
5270	111	123	68	30	11	18
5271	102	127	94	4	7	15
5273	101	119	53	22	6	7
5278	107	118	56	23	5	13
5283	101	124	45	20	5	9
5293	101	115	96	38	12	16
5302	104	113	56	19	6	14
5303	104	115	53	16	7	13
5308	103	117	91	30	9	14
5310	.	117	95	31	.	18
5312	101	117	75	26	6	18
5313	.	126	83	24	.	13
5319	103	118	80	29	7	11
5320	104	118	20	9	7	7
5322	102	121	89	30	8	10
5324	102	114	77	24	6	10
5325	104	117	53	22	5	8
5337	.	117	40	19	.	7
5339	103	118	90	31	7	16
5340	104	117	20	9	6	0
5358	103	118	93	25	7	19
5382	105	118	52	23	11	6
5386	104	118	71	23	8	10
5405	105	115	80	30	8	18
5412	100	116	90	28	8	19
5421	.	121	56	17	.	11
5431	102	119	52	28	10	11
5445	104	114	30	12	5	4
5462	101	114	96	37	10	19
5464	.	114	52	19	.	14
5466	105	121	90	34	8	17
5474	102	118	65	33	10	13
5487	100	117	38	15	9	3
5494	101	115	63	26	7	8
5505	102	117	94	33	8	18
5506	104	118	74	24	9	16
5523	102	114	53	19	8	13
5537	102	120	48	23	7	9
5541	102	118	28	11	6	3
5545	103	118	95	37	11	18
5548	108	120	68	19	7	16
5549	103	120	37	16	7	7
5564	104	117	81	24	7	19
5578	.	122	84	29	.	14
5579	104	113	94	37	10	13
5595	102	117	92	29	6	20
5605	104	115	93	37	9	16
5617	102	119	91	29	7	16
5621	101	114	46	23	7	7
5642	103	118	92	25	6	16
5643	99	118	69	33	7	15
5646	104	114	83	29	9	17
5654	102	118	33	14	9	0
5665	103	118	90	32	10	18
5667	103	119	49	25	6	6
5669	101	118	58	24	7	12
5678	104	115	83	31	6	17
5679	102	120	53	20	9	10
5681	103	118	89	36	8	17
5701	106	124	55	25	10	12
5706	104	115	74	22	7	15
5717	115	118	89	35	11	19
5722	.	121	71	30	.	12
5726	108	121	59	22	6	17
5736	102	125	64	22	7	9
5738	102	121	93	29	9	20
5748	102	115	74	31	10	14
5752	106	122	20	9	2	2
5766	107	118	36	17	5	8
5772	105	127	68	21	4	9
5775	104	131	81	31	9	14
5779	101	125	62	27	3	9
5780	114	122	39	16	7	8
5787	101	121	59	26	6	12
5792	103	120	75	31	8	17
5800	103	128	76	37	10	20
5804	103	116	69	19	5	13
5811	103	115	32	23	9	10
5814	101	116	81	18	7	17
5817	.	117	69	21	.	14
5818	102	117	35	17	9	4
5819	104	119	72	28	7	18
5826	.	116	89	25	.	19
5830	.	119	44	14	.	10
5832	103	117	59	21	7	10
5835	106	117	94	33	12	14
5839	104	117	84	34	9	17
5841	.	117	35	17	.	7
5842	106	123	28	14	3	5
5847	101	116	89	30	6	19
5849	103	117	57	29	6	12
5850	101	119	66	25	7	11
5855	100	118	96	36	7	16
5856	100	117	87	36	8	18
5859	102	122	57	27	8	9
5861	106	119	46	15	7	15
5874	112	118	42	23	.	3
5878	103	115	41	16	7	14
5889	102	116	49	21	9	11
5904	109	125	40	17	5	4
5905	103	121	84	31	8	16
5908	.	131	61	26	.	15
5912	105	116	57	20	6	8
5916	102	115	88	35	7	19
5918	99	123	79	24	4	15
5925	102	117	87	33	7	17
5927	103	116	40	14	4	5
5930	101	115	38	17	7	6
5948	111	120	73	21	6	17
5966	.	117	53	25	.	9
5977	.	122	66	23	.	12
5980	.	121	99	32	.	17
5982	103	115	52	20	6	12
5986	100	119	79	30	8	15
5987	102	120	52	17	6	12
5995	107	127	87	27	10	15
5997	102	118	95	39	9	18
6004	103	117	78	30	3	18
6013	.	114	47	20	.	9
6023	102	116	60	23	6	13
6024	111	119	59	25	7	15
6028	101	121	92	31	9	17
6035	111	130	86	33	10	13
6039	102	118	77	26	6	18
6041	115	121	60	26	8	8
6043	110	124	71	29	8	19
6047	.	116	85	26	.	19
6049	102	114	59	23	8	15
6050	.	121	12	4	.	0
6051	105	115	34	17	8	5
6053	102	114	93	28	8	14
6063	102	118	71	37	12	14
6068	101	116	90	33	5	19
6072	111	130	85	33	9	11
6077	112	126	44	13	6	6
6080	101	123	62	25	8	14
6084	102	123	57	25	6	16
6089	100	116	61	24	8	15
6098	123	123	86	21	5	13
6110	108	121	65	21	8	10
6111	103	115	72	26	6	16
6131	.	127	85	23	.	13
6156	103	118	81	20	7	15
6160	102	118	61	24	5	10
6161	100	114	40	17	7	14
6163	100	119	46	23	9	12
6164	104	115	45	17	6	15
6166	103	120	69	33	8	13
6167	105	123	94	31	10	19
6171	102	114	81	40	8	16
6176	103	114	96	32	10	19
6183	103	114	50	22	3	13
6184	104	117	64	23	5	17
6185	102	120	85	25	10	15
6188	.	130	94	38	.	19
6189	.	116	51	19	.	10
6205	103	114	58	23	9	9
6213	.	126	52	20	.	11
6226	102	114	90	27	7	15
6230	100	122	43	16	6	9
6233	104	116	81	26	7	13
6237	.	116	80	22	.	14
6239	.	117	48	22	.	8
6241	102	120	35	18	6	6
6242	103	119	54	22	7	10
6250	103	117	100	38	9	20
6256	103	115	43	16	6	8
6260	.	127	72	23	.	14
6268	103	117	57	21	6	10
6281	104	119	93	28	7	16
6290	102	116	89	25	6	17
6293	103	115	95	39	11	17
6297	104	118	90	25	8	12
6302	101	114	69	24	7	17
6312	104	117	38	19	6	9
6313	103	118	30	13	8	5
6317	101	119	80	42	7	14
6319	102	120	22	10	7	0
6320	100	116	71	16	10	16
6323	103	117	56	27	7	.
6324	103	116	62	25	7	11
6326	100	122	55	18	4	11
6340	101	123	42	23	8	11
6342	103	118	64	25	3	16
6343	.	117	81	20	.	18
6345	100	121	55	21	8	11
6351	103	131	92	34	6	19
6354	103	137	68	32	8	10
6357	.	120	95	33	.	16
6362	101	118	76	20	10	12
6364	.	121	49	19	.	8
6366	106	121	76	34	12	11
6371	.	113	84	33	.	17
6380	103	120	71	27	7	15
6391	102	123	66	21	7	13
6404	102	119	33	13	7	8
6410	103	117	39	17	8	6
6441	102	118	72	35	7	15
6443	102	119	67	36	7	14
6454	102	114	94	27	9	17
6463	101	119	98	44	12	19
6466	.	117	79	24	.	15
6475	102	117	14	9	8	5
6482	104	117	62	31	6	12
6487	102	117	89	36	10	16
6504	102	116	67	29	7	13
6512	.	121	97	34	.	15
6515	112	114	86	26	7	16
6526	105	118	76	22	8	19
6530	102	115	79	30	9	19
6546	102	119	58	24	6	9
6551	102	125	57	28	6	10
6565	.	117	62	22	.	12
6567	105	114	76	36	8	13
6576	102	119	50	23	6	11
6584	104	120	52	17	6	13
6590	100	117	85	33	7	19
6593	102	119	78	32	9	12
6596	102	114	57	15	5	14
6597	103	118	77	30	8	12
6604	.	123	61	20	.	11
6605	103	121	95	29	8	16
6616	.	121	90	30	.	18
6618	.	127	86	26	.	14
6626	100	119	65	23	5	16
6628	102	118	83	32	7	16
6651	101	121	50	17	4	9
6659	101	120	67	27	6	12
6681	107	119	81	27	8	16
6685	107	122	65	34	8	14
6694	112	129	38	15	2	12
6699	113	129	91	39	8	17
6700	103	118	79	30	7	13
6711	102	118	31	10	9	1
6728	102	114	50	24	9	9
6737	103	118	91	28	8	11
6741	101	114	30	18	6	9
6785	.	120	51	17	.	8
6787	.	124	74	25	.	17
6793	102	118	98	36	11	19
6798	103	116	87	33	7	17
6833	105	129	82	24	7	13
6836	115	128	92	31	6	16
6838	104	116	63	23	9	11
6846	104	114	38	8	5	9
6859	101	120	74	18	5	15
6883	104	125	88	34	6	18
6890	102	121	53	26	5	11
6893	102	121	14	4	7	0
6901	101	118	57	26	8	11
6906	.	123	42	21	.	6
6912	127	121	62	23	9	15
6913	101	123	94	37	10	18
6916	113	122	85	36	7	14
6919	104	114	92	32	8	19
6921	103	114	72	25	8	15
6922	.	126	30	12	.	3
6925	103	125	93	19	5	15
6929	103	118	50	16	4	7
6932	104	114	46	19	5	9
6935	101	117	60	25	6	15
6942	104	114	62	27	8	12
6945	101	115	67	31	9	15
6946	103	117	39	24	7	8
6947	105	117	64	27	7	15
6974	104	123	96	41	6	19
6976	102	118	86	27	3	18
6995	102	117	89	40	8	14
7007	101	122	81	35	6	17
7010	102	117	69	25	5	12
7011	102	120	52	22	7	10
7013	100	118	59	24	6	14
7020	.	134	84	39	.	14
7023	102	118	88	35	10	18
7025	102	114	68	29	7	19
7029	102	117	45	20	7	10
7032	120	114	51	21	.	11
7035	101	119	35	15	8	8
7038	103	119	17	11	9	0
7039	106	115	59	24	6	5
7043	105	116	80	18	10	9
7046	102	117	75	29	10	18
7049	103	115	63	20	9	16
7051	103	116	79	24	8	14
7064	102	114	48	22	3	8
7069	102	119	63	17	7	16
7083	103	118	47	19	6	6
7087	104	117	58	27	8	16
7090	103	116	71	34	11	18
7092	.	118	81	29	.	9
7093	105	128	79	27	7	9
7111	101	114	48	20	6	7
7113	104	116	84	29	8	15
7114	101	120	51	22	11	5
7117	102	117	44	17	7	13
7119	104	119	72	25	6	10
7126	.	126	71	27	.	10
7141	.	120	34	14	.	5
7175	.	124	32	15	.	6
7194	114	126	90	40	11	18
7195	103	114	56	23	6	10
7200	103	119	88	29	9	16
7204	102	118	60	25	9	13
7207	104	121	57	25	8	10
7208	102	120	70	35	7	11
7215	105	115	89	29	9	15
7216	103	115	72	21	8	15
7235	.	119	75	27	.	14
7248	103	115	51	24	6	14
7254	.	121	81	31	.	19
7262	102	123	70	31	8	15
7265	102	119	91	41	8	16
7266	110	122	87	31	9	17
7276	103	118	43	21	8	12
7278	114	122	88	31	10	17
7292	100	123	97	33	8	20
7294	103	115	67	37	12	10
7295	116	114	27	11	9	1
7320	101	115	55	29	6	12
7323	101	119	76	31	7	19
7330	102	117	86	39	3	17
7331	104	120	61	28	9	12
7337	107	115	78	26	9	17
7345	103	118	92	29	6	17
7356	102	115	13	4	8	1
7380	102	118	60	23	10	14
7392	103	114	68	31	9	13
7398	100	122	55	20	5	15
7400	.	121	27	11	.	3
7405	103	117	55	23	7	14
7413	104	116	53	25	8	15
7415	103	118	48	17	6	9
7419	104	121	40	19	6	13
7429	105	120	44	16	6	3
7432	104	114	55	20	9	8
7434	102	118	95	32	7	18
7435	102	119	84	29	8	12
7439	101	114	89	31	6	16
7448	104	119	26	14	3	2
7449	109	116	84	22	7	18
7455	.	118	74	27	.	14
7461	101	116	44	16	6	7
7469	104	116	44	18	6	6
7480	102	121	80	31	6	9
7487	111	115	58	26	6	17
7489	.	116	79	29	.	13
7491	102	123	86	23	4	17
7493	104	116	54	23	5	10
7494	.	118	27	15	.	0
7502	.	121	25	12	.	3
7504	103	118	92	42	13	19
7516	103	113	36	13	6	4
7529	100	119	82	29	8	19
7531	.	120	74	24	.	13
7548	100	122	60	18	3	18
7553	.	128	99	28	.	19
7570	102	115	23	12	7	7
7572	101	115	69	22	7	15
7575	.	114	67	27	.	14
7578	101	119	81	27	9	12
7581	103	115	48	18	8	7
7595	102	118	66	24	7	12
7601	104	117	59	26	10	8
7607	103	119	68	31	11	10
7608	112	125	93	29	9	13
7611	102	117	88	34	10	18
7616	102	119	54	21	6	9
7627	100	117	93	34	11	18
7639	.	118	88	26	.	17
7644	103	127	84	36	10	17
7652	103	115	56	27	12	7
7656	.	114	91	33	.	18
7660	.	117	90	21	.	14
7661	106	120	29	12	7	7
7665	.	116	55	25	.	7
7671	.	128	87	35	.	12
7673	105	116	36	17	7	7
7675	101	114	70	26	10	13
7681	104	115	81	33	10	12
7684	105	120	68	28	11	15
7693	103	116	86	19	7	15
7704	102	120	55	17	9	8
7715	102	122	59	25	8	12
7718	.	129	83	20	.	16
7721	105	117	79	31	9	13
7724	108	119	84	36	9	13
7733	102	118	75	27	6	14
7742	102	118	43	21	7	9
7743	102	118	68	22	8	11
7754	.	134	70	27	.	13
7756	98	118	90	34	9	16
7764	102	116	89	30	8	18
7791	.	122	50	18	.	11
7796	104	115	53	19	9	11
7802	103	117	67	20	7	16
7823	112	125	41	8	4	6
7827	100	119	95	40	10	18
7833	103	117	97	38	9	16
7836	102	117	91	32	9	18
7871	103	123	89	35	7	17
7874	104	114	56	25	7	16
7882	102	117	62	24	6	16
7894	105	114	77	28	8	14
7895	102	119	91	31	10	20
7896	103	114	90	22	7	16
7898	103	121	88	36	8	15
7924	102	117	74	26	7	16
7929	99	119	85	34	9	14
7931	102	114	52	22	6	9
7934	102	118	74	41	11	14
7936	102	119	85	38	13	17
7945	101	117	62	26	5	16
7957	104	116	62	24	10	13
7958	103	116	40	17	8	7
7962	.	122	38	20	.	4
7967	104	117	65	21	6	15
7975	107	117	63	21	7	15
7978	101	118	67	16	7	13
7980	102	119	59	21	5	11
7985	104	118	83	28	6	16
8005	104	114	55	20	8	12
8011	101	117	59	23	4	13
8015	100	114	47	21	8	7
8018	103	119	75	36	6	12
8020	101	117	72	40	9	18
8031	102	116	78	28	8	13
8032	103	118	75	24	6	14
8035	111	115	77	29	11	16
8036	103	119	66	25	9	15
8042	118	118	93	36	13	15
8054	102	114	56	23	8	8
8060	101	114	84	38	10	18
8064	102	122	55	27	9	15
8066	102	116	53	22	10	7
8068	102	119	26	11	5	6
8069	116	120	60	30	9	19
8072	102	118	96	40	8	19
8089	101	116	47	24	8	12
8091	104	121	59	30	9	7
8096	102	114	62	29	5	12
8098	103	117	44	15	8	8
8107	102	118	81	27	7	12
8114	101	123	91	32	8	19
8136	.	118	66	15	.	18
8148	.	124	80	34	.	14
8151	104	118	81	23	6	18
8156	103	121	77	27	8	10
8166	103	117	98	33	8	20
8172	101	118	75	29	7	14
8177	103	118	54	26	9	10
8185	102	127	68	25	6	13
8198	.	121	91	34	.	16
8200	100	115	88	38	10	16
8204	105	116	94	35	7	19
8206	105	116	84	30	6	15
8225	104	122	59	25	6	12
8251	103	115	79	36	11	16
8252	103	118	43	13	5	4
8253	100	115	57	21	7	11
8255	102	114	77	32	9	14
8262	.	123	18	7	.	1
8266	102	123	37	18	7	6
8271	105	116	81	34	10	18
8278	102	117	74	20	5	17
8281	108	121	51	20	8	9
8283	102	126	77	28	9	16
8287	102	119	80	36	8	16
8301	104	121	45	22	8	8
8303	104	117	81	25	6	11
8321	.	121	56	25	.	11
8322	102	117	92	39	8	19
8324	101	118	84	34	9	17
8359	105	119	82	28	10	18
8365	104	121	88	20	6	18
8367	100	122	41	14	6	1
8370	105	116	72	27	10	13
8377	102	115	39	17	7	10
8380	103	119	80	31	10	13
8390	103	115	65	28	7	17
8395	.	115	63	24	.	18
8405	103	115	71	28	10	9
8410	.	124	69	19	.	16
8411	102	129	56	26	4	15
8418	103	119	60	28	7	11
8420	103	114	48	13	7	12
8454	103	121	60	23	5	12
8468	.	117	14	4	.	0
8473	102	117	51	12	4	8
8482	106	120	55	12	6	8
8492	103	123	84	36	10	17
8495	116	114	56	20	8	15
8497	101	128	91	36	8	17
8511	101	116	75	37	15	19
8526	.	116	41	16	.	8
8528	100	115	84	35	8	16
8530	100	127	65	26	5	14
8545	102	125	24	14	5	3
8559	100	116	85	25	7	15
8567	.	127	46	13	.	6
8580	101	120	44	17	7	11
8586	100	117	86	33	12	17
8588	106	120	95	37	12	17
8600	.	125	84	32	.	13
8601	.	114	39	15	.	6
8604	102	117	86	23	7	16
8613	103	122	97	37	8	19
8638	.	114	56	20	.	10
8645	99	120	85	35	10	15
8647	104	117	72	29	10	15
8649	102	114	63	28	7	8
8666	104	118	92	40	11	17
8680	101	118	88	30	7	17
8682	102	128	18	10	8	1
8683	102	117	39	12	3	4
8694	102	119	93	32	8	18
8712	102	119	64	38	11	12
8722	102	113	82	33	5	12
8723	103	117	85	28	8	18
8728	106	129	98	40	5	17
8735	103	117	94	31	3	19
8737	104	121	46	16	6	9
8742	.	125	48	16	.	12
8749	103	118	75	25	5	18
8755	107	125	96	34	9	19
8758	104	118	75	26	8	13
8760	114	125	76	27	7	15
8762	104	116	68	27	8	18
8773	102	120	84	34	6	19
8784	118	119	66	21	8	13
8787	104	118	83	22	7	15
8804	103	113	86	39	8	19
8805	.	137	43	14	.	8
8808	107	117	91	31	6	17
8811	101	119	38	15	10	8
8812	104	127	84	38	7	15
8813	.	116	77	13	.	16
8824	104	129	39	13	5	4
8838	120	120	44	17	7	13
8843	100	120	45	15	4	6
8847	102	114	96	33	7	19
8848	102	117	88	38	10	15
8854	100	114	82	31	10	17
8857	109	115	46	15	7	14
8860	103	116	71	28	6	15
8884	103	114	96	32	7	17
8895	103	114	50	22	6	6
8898	100	114	90	36	7	19
8904	104	118	24	16	6	0
8906	111	121	98	39	12	18
8917	103	119	68	27	7	16
8932	102	118	37	13	4	9
8935	103	118	92	35	5	16
8940	117	115	42	18	6	7
8943	.	135	20	12	.	3
8946	104	120	62	23	7	14
8951	103	116	22	10	8	4
8953	101	115	78	22	8	18
8958	.	117	57	24	.	10
8959	105	118	95	34	7	18
8961	102	115	85	34	8	20
8976	100	115	41	19	6	5
8985	101	119	79	25	7	19
8993	102	117	82	28	7	12
8998	102	116	75	32	10	14
9006	101	118	44	12	5	12
9009	111	119	79	32	10	13
9013	104	115	36	14	3	4
9023	.	118	66	23	.	15
9029	100	116	80	28	3	15
9030	102	119	72	21	5	15
9033	103	115	75	23	4	17
9035	104	116	49	19	7	7
9038	103	121	96	32	8	19
9039	104	113	72	26	7	16
9042	100	119	87	27	8	14
9043	102	122	39	17	9	11
9044	119	121	83	31	9	14
9054	101	118	89	28	9	11
9066	116	121	87	30	9	15
9067	103	115	51	16	6	13
9070	103	116	86	30	7	17
9076	101	115	68	26	6	12
9077	102	118	81	30	7	17
9081	.	118	67	16	.	16
9089	102	119	77	25	10	19
9102	105	117	48	22	6	14
9105	104	117	92	35	10	14
9113	102	123	43	25	6	9
9124	102	118	47	25	6	10
9125	103	116	73	35	10	15
9134	104	115	49	25	8	8
9137	104	120	53	26	7	14
9148	104	115	84	28	7	17
9150	102	121	80	39	3	12
9161	.	125	73	25	.	14
9162	103	119	79	27	7	17
9164	104	117	60	24	3	11
9167	102	117	44	15	4	9
9171	102	117	94	39	11	16
9178	103	118	66	21	7	7
9194	105	116	79	27	8	19
9204	106	130	55	29	9	12
9215	103	117	70	22	8	11
9216	104	115	86	33	8	17
9217	104	117	62	28	7	5
9221	100	115	69	29	8	8
9224	111	117	88	28	7	17
9228	104	117	38	19	6	6
9235	105	121	81	27	7	16
9249	100	121	34	17	8	6
9250	109	123	29	14	10	.
9251	102	123	93	38	9	14
9253	111	117	77	26	9	17
9258	103	117	75	36	10	15
9266	102	118	61	21	8	12
9270	103	117	79	25	12	13
9272	102	125	61	29	7	14
9283	102	118	48	21	6	14
9286	104	117	47	12	3	7
9288	104	114	48	22	8	11
9289	116	120	94	35	11	19
9290	104	115	66	21	8	9
9291	.	121	76	24	.	13
9300	102	119	91	30	5	17
9305	118	120	48	22	10	7
9306	.	131	54	21	.	11
9310	104	114	63	27	6	13
9311	107	116	79	29	6	19
9314	103	114	68	31	9	16
9321	.	119	43	16	.	7
9329	103	125	95	28	6	20
9336	104	116	77	32	8	13
9349	104	122	60	24	8	13
9353	102	117	31	16	6	4
9358	102	122	77	34	4	7
9361	102	115	48	21	7	9
9367	104	114	79	22	9	16
9379	103	116	91	37	9	18
9382	104	121	28	14	5	0
9385	102	117	82	30	8	16
9395	102	119	75	23	7	15
9401	106	118	45	13	7	4
9405	115	115	42	16	9	4
9406	104	133	7	3	5	0
9418	102	119	73	33	10	17
9419	102	113	40	17	6	9
9429	101	120	89	29	10	19
9432	102	116	37	16	7	3
9439	104	117	89	24	9	14
9449	104	117	53	19	6	10
9459	102	116	49	16	7	16
9472	106	124	33	15	8	11
9473	103	117	82	26	5	19
9480	105	118	73	38	9	12
9483	.	119	40	16	.	6
9492	102	114	72	25	7	19
9500	103	118	40	19	3	8
9505	102	132	97	32	8	18
9549	102	119	93	32	9	19
9550	104	116	45	17	7	13
9561	.	118	46	21	.	7
9582	101	117	50	18	5	12
9583	102	114	42	14	10	6
9587	104	121	39	15	7	6
9589	103	123	81	26	6	15
9593	102	117	89	26	8	18
9594	.	119	57	25	.	10
9620	105	119	53	16	3	10
9624	102	115	38	14	3	7
9625	102	121	91	28	6	17
9627	102	118	46	25	8	7
9631	102	118	91	28	8	18
9650	102	118	92	35	9	19
9655	102	128	79	31	7	14
9662	99	123	86	26	8	16
9664	103	113	51	12	8	14
9666	100	116	87	34	7	17
9670	109	117	80	29	10	19
9675	103	117	62	30	10	11
9679	.	120	90	34	.	15
9682	102	116	83	27	8	16
9683	103	116	56	21	8	12
9688	104	115	84	23	5	11
9696	102	114	46	16	7	10
9710	104	121	92	40	12	17
9713	104	117	91	28	7	18
9715	102	115	83	21	6	17
9718	99	119	83	33	12	19
9720	100	124	59	24	7	14
9744	.	118	46	15	.	6
9751	101	114	61	30	6	17
9753	102	116	70	29	7	15
9758	108	117	60	23	10	11
9768	100	115	90	34	10	14
9769	104	121	94	37	9	17
9770	101	117	92	32	9	19
9777	101	123	46	23	7	8
9778	103	117	69	19	7	13
9781	104	114	60	25	9	13
9788	101	115	66	16	6	15
9794	126	128	83	27	.	15
9796	.	132	78	30	.	15
9797	102	120	79	26	7	15
9813	104	127	45	24	10	10
9824	104	117	72	25	6	10
9825	105	114	55	25	7	11
9832	.	117	42	22	.	11
9846	103	114	52	18	8	11
9847	102	118	86	22	6	14
9856	112	119	85	24	8	17
9863	106	115	85	35	10	16
9866	103	118	75	26	6	16
9875	104	119	88	29	11	18
9879	.	120	92	32	.	18
9896	.	120	76	29	.	11
9904	102	121	89	24	3	17
9907	107	122	90	25	7	17
9921	100	118	99	42	9	19
9922	106	118	76	30	11	14
9930	101	116	59	27	6	13
9931	103	114	90	32	11	18
9934	103	114	96	40	14	18
9935	105	120	71	28	8	13
9942	103	113	93	40	9	17
9944	111	124	46	17	6	9
9951	103	121	64	30	7	15
9957	102	118	61	22	6	12
9961	103	114	52	19	7	15
9962	.	115	79	25	.	17
9965	104	117	59	27	7	11
9968	102	120	45	15	9	10
9969	103	115	77	31	3	17
9983	102	115	72	25	9	12
9990	.	120	92	40	.	17
9993	106	117	72	30	8	12
9996	107	119	83	33	10	12
9997	104	118	87	19	4	14
10005	.	118	40	14	.	6
10008	103	117	71	26	9	15
10009	103	121	15	4	5	0
10013	102	117	58	18	6	11
10017	115	123	91	28	8	16
10021	103	118	92	25	10	19
10025	103	119	27	10	7	3
10030	101	126	80	30	4	15
10033	110	114	51	16	8	13
10034	104	120	61	22	9	15
10050	102	128	88	27	8	18
10054	102	116	54	20	7	12
10055	102	117	78	26	4	10
10062	102	114	42	12	8	11
10065	101	114	67	25	8	9
10074	102	117	74	24	6	12
10078	.	119	66	19	.	13
10087	104	119	84	30	8	17
10093	103	116	91	36	11	16
10097	101	116	44	16	5	8
10098	110	114	52	23	8	8
10101	105	113	36	13	7	7
10115	104	115	87	32	7	16
10140	102	117	90	38	11	15
10146	102	115	56	21	8	13
10148	102	115	60	19	9	11
10153	103	114	81	29	8	18
10159	104	120	41	19	8	7
10163	102	115	55	17	5	15
10175	.	117	79	29	.	15
10186	104	126	79	27	7	19
10191	102	117	76	35	10	12
10196	100	120	88	33	10	18
10200	.	126	48	18	.	10
10203	105	117	48	14	5	6
10206	100	121	65	24	7	9
10208	.	115	56	19	.	10
10223	103	121	83	31	5	16
10225	116	128	80	30	8	11
10226	.	124	38	15	.	5
10228	.	119	27	15	.	5
10229	104	115	96	34	9	18
10232	102	117	63	26	6	15
10253	110	118	55	25	5	10
10254	104	117	72	23	7	12
10265	104	118	78	26	5	12
10269	102	118	96	28	7	17
10271	104	122	30	11	7	1
10276	103	120	94	41	9	18
10281	104	119	78	33	8	16
10285	103	122	82	23	3	18
10287	103	116	54	24	9	9
10295	107	121	61	23	6	11
10299	102	121	82	28	8	16
10300	105	114	44	21	4	12
10303	102	125	90	34	8	19
10304	103	121	92	24	5	15
10305	102	120	93	43	12	16
10309	102	122	95	39	12	17
10313	107	118	90	30	9	20
10316	.	120	48	24	.	7
10335	104	117	70	28	10	10
10339	.	121	60	27	.	11
10342	104	116	34	5	3	2
10355	102	119	60	30	8	12
10366	.	128	53	17	.	8
10382	102	122	56	19	8	13
10391	100	120	89	28	8	16
10402	107	118	88	29	7	18
10403	.	116	84	30	.	13
10414	.	129	38	15	.	6
10429	109	123	87	36	8	16
10438	.	117	66	22	.	12
10439	108	125	80	30	6	13
10456	104	119	55	24	8	8
10472	.	128	50	20	.	10
10473	102	115	82	35	9	17
10474	104	115	89	32	5	18
10476	102	117	84	35	10	13
10480	102	117	52	19	7	9
10482	.	115	59	36	.	14
10485	103	117	83	24	7	16
10488	103	119	95	35	9	19
10489	.	127	60	13	.	8
10493	99	118	89	23	5	20
10497	102	117	76	28	7	14
10498	108	116	27	11	7	0
10499	103	115	35	11	9	3
10504	119	132	79	27	9	14
10505	104	120	46	23	7	4
10514	102	113	82	36	9	18
10521	104	119	66	33	7	14
10524	104	117	80	31	10	13
10530	107	119	95	37	10	18
10534	100	118	66	34	9	18
10536	106	116	72	30	8	13
10542	108	116	46	17	10	12
10543	102	118	79	35	11	10
10548	103	118	88	32	7	16
10549	102	115	94	37	9	15
10555	109	122	54	19	6	13
10560	99	117	27	10	7	4
10575	102	117	72	31	7	11
10576	103	113	38	14	8	6
10580	98	125	50	21	6	9
10611	102	117	80	21	9	16
10615	102	120	72	24	7	14
10616	101	115	88	38	8	17
10618	101	122	39	15	6	5
10622	112	123	97	39	12	20
10623	104	118	96	32	9	17
10630	102	117	73	31	4	19
10637	106	120	86	37	8	14
10645	101	119	90	23	10	18
10654	102	120	56	26	9	12
10655	104	117	71	22	8	17
10665	103	115	42	18	8	10
10666	104	118	36	17	11	3
10677	100	124	1	6	5	0
10680	103	116	47	18	6	10
10681	100	115	58	23	6	14
10682	102	115	60	25	7	15
10688	104	121	37	17	8	2
10694	103	120	59	20	8	12
10711	103	115	85	30	7	17
10712	101	116	67	27	7	11
10713	.	118	66	27	.	11
10715	102	115	72	24	7	13
10717	101	117	85	28	7	17
10718	100	115	73	26	7	11
10729	102	118	35	16	9	6
10749	100	117	56	24	8	12
10752	102	115	62	26	6	13
10755	103	114	65	24	2	10
10756	101	114	50	18	10	14
10767	102	117	51	18	6	8
10777	101	121	94	35	10	18
10793	102	124	64	16	5	14
10794	102	118	94	37	7	16
10799	105	112	28	10	5	4
10800	102	118	83	41	7	18
10806	102	115	74	25	10	14
10807	103	118	66	25	6	12
10810	103	117	57	21	5	12
10826	103	116	41	16	9	3
10833	102	119	60	26	8	16
10843	102	116	86	28	11	13
10844	106	122	85	27	10	15
10847	101	135	93	36	8	18
10866	101	116	62	21	8	12
10868	103	122	93	38	8	18
10873	.	116	12	4	.	1
10879	.	120	16	9	.	3
10880	.	121	15	4	.	2
10882	106	124	64	15	6	14
10884	100	118	97	40	14	19
10900	115	125	41	14	7	11
10902	104	114	88	36	4	19
10919	103	117	95	31	7	19
10922	101	131	36	14	8	8
10924	102	116	85	24	8	17
10939	103	119	68	22	6	.
10941	103	118	53	21	7	16
10943	102	118	87	31	7	18
10944	102	116	91	20	8	18
10948	120	120	41	16	7	9
10964	101	117	88	31	4	16
10967	102	117	43	25	8	9
10970	103	119	92	34	9	17
10975	102	117	100	37	8	18
10979	101	117	92	26	6	19
10986	107	117	20	11	4	1
10987	102	118	58	22	7	13
10990	.	119	80	31	.	19
10994	102	115	87	22	7	19
10996	105	116	63	18	7	16
11016	105	114	94	41	10	19
11024	104	117	97	30	10	17
11028	102	117	62	26	6	15
11032	101	115	50	18	7	3
11040	102	120	81	31	9	11
11046	100	122	42	19	5	7
11049	102	117	86	33	9	12
11050	102	116	84	20	5	17
11065	.	120	88	40	.	19
11066	103	119	36	18	6	10
11074	.	122	49	19	.	9
11077	102	124	64	25	4	16
11083	102	116	76	29	7	17
11093	112	122	0	4	.	.
11109	101	116	70	29	11	12
11110	103	121	90	36	8	17
11111	105	115	44	21	9	6
11113	107	120	95	37	11	18
11116	103	117	65	29	7	12
11117	103	118	75	27	4	14
11119	102	131	82	32	6	15
11127	103	110	31	11	7	10
11129	101	115	43	21	7	11
11131	101	119	78	22	7	14
11132	103	117	49	21	7	9
11133	103	122	94	30	9	18
11136	.	128	91	29	.	18
11148	.	119	75	29	.	15
11152	103	119	57	20	6	7
11158	110	123	49	19	8	19
11167	103	114	31	14	6	3
11169	102	120	47	18	5	5
11171	103	117	37	15	7	7
11173	112	115	83	32	8	15
11179	103	115	74	35	8	16
11184	107	125	87	40	9	19
11196	110	121	87	21	8	16
11203	113	117	51	19	10	8
11211	104	114	33	16	6	3
11215	102	119	85	33	8	16
11216	115	130	84	29	10	16
11217	104	121	39	14	8	9
11249	100	123	64	14	5	15
11257	102	114	65	34	7	9
11261	101	115	88	30	8	17
11263	122	122	80	30	.	16
11265	104	115	49	24	10	9
11275	102	114	56	25	11	11
11276	104	117	97	19	4	17
11278	104	115	91	29	7	15
11280	102	125	93	37	11	17
11292	104	120	42	15	4	8
11293	104	117	78	22	3	17
11294	101	116	65	25	6	17
11303	104	117	80	30	6	17
11304	.	117	56	17	.	16
11314	105	121	21	10	6	1
11319	103	115	74	30	9	13
11322	104	123	69	20	4	14
11333	102	122	85	29	4	.
11347	100	123	83	23	6	17
11358	104	114	81	32	8	18
11367	101	118	40	16	5	3
11370	103	115	23	10	9	0
11387	104	116	65	27	6	12
11391	99	116	84	27	7	16
11407	.	116	48	20	.	8
11409	106	122	48	17	6	7
11415	106	118	81	26	6	13
11423	103	118	92	24	9	18
11430	102	120	88	32	8	10
11431	102	115	40	15	7	9
11433	105	119	87	27	7	16
11437	105	116	69	32	6	7
11442	103	119	89	33	11	14
11444	99	117	73	25	7	17
11446	116	118	63	21	7	10
11453	103	117	92	31	8	18
11461	.	138	82	29	.	18
11467	101	119	100	35	10	17
11472	103	118	62	20	6	9
11475	103	114	87	27	10	15
11479	101	118	97	37	10	17
11488	102	117	80	27	9	14
11491	102	118	77	22	8	14
11515	101	121	92	36	6	19
11523	103	117	76	25	7	14
11524	103	118	84	40	12	15
11527	113	118	33	13	9	6
11532	102	121	38	17	9	11
11536	102	114	35	18	8	8
11542	.	123	79	23	.	13
11548	99	120	96	38	9	20
11552	103	116	54	24	8	11
11572	106	118	81	36	8	12
11595	103	119	14	10	8	2
11601	102	117	96	38	8	19
11617	104	120	36	15	7	5
11620	102	117	44	21	8	5
11624	103	123	46	18	8	12
11626	102	115	77	18	5	19
11632	110	120	49	22	9	14
11650	111	118	68	31	9	14
11654	113	125	35	15	7	7
11656	104	115	24	12	7	0
11657	103	117	59	24	7	15
11660	101	116	86	31	10	18
11665	102	117	74	31	11	15
11679	110	119	38	14	3	3
11686	115	129	53	24	8	10
11688	100	122	72	27	6	14
11692	101	129	58	18	6	12
11698	100	120	53	22	7	12
11699	102	117	62	25	6	12
11700	102	113	56	22	7	8
11701	112	123	83	32	7	15
11703	101	117	78	29	8	14
11711	101	115	53	19	6	14
11720	101	117	49	24	7	10
11723	.	117	69	29	.	10
11725	.	117	88	22	.	18
11726	102	116	87	35	8	16
11731	102	115	97	36	7	20
11734	98	116	72	29	8	11
11742	102	118	45	17	8	4
11756	101	117	84	33	7	16
11762	102	117	26	10	8	0
11779	105	122	89	20	9	17
11782	.	121	66	23	.	12
11785	102	121	85	34	9	17
11801	102	120	82	30	9	15
11806	107	116	76	30	10	9
11813	123	119	39	9	6	5
11828	103	114	80	26	6	18
11837	102	116	40	12	6	7
11841	101	116	88	27	8	17
11842	104	121	89	29	8	16
11850	103	117	34	16	9	5
11862	101	118	90	27	7	17
11873	104	121	57	23	5	12
11874	104	122	89	35	6	18
11880	.	125	19	9	.	2
11883	.	128	67	33	.	10
11895	.	120	97	40	.	19
11903	102	114	56	27	8	17
11914	103	117	84	34	7	14
11922	.	118	78	27	.	9
11926	104	118	41	17	8	7
11936	112	117	61	23	8	11
11946	101	120	54	22	7	7
11952	110	125	58	28	9	10
11954	101	116	74	20	5	14
11955	103	122	34	15	3	5
11959	110	119	54	26	8	14
11963	101	120	78	33	11	12
11970	102	115	81	33	8	16
11973	.	126	59	29	.	12
11982	103	119	92	32	9	15
11983	102	116	75	28	8	15
11984	101	121	73	27	6	13
11988	108	119	37	14	10	5
11992	102	118	23	10	4	0
11994	101	121	91	39	9	16
12016	.	116	51	21	.	7
12027	104	116	58	23	9	11
12033	103	114	87	37	7	13
12043	.	118	62	19	.	12
12048	104	117	73	30	8	15
12049	.	115	44	17	.	4
12056	.	123	77	25	.	15
12059	103	119	45	18	3	5
12062	.	119	74	21	.	13
12065	103	115	62	30	8	14
12071	.	120	47	14	.	14
12076	103	117	96	29	6	18
12077	102	121	78	32	7	9
12085	98	118	83	25	7	17
12108	.	123	60	25	.	13
12111	102	118	43	13	6	7
12116	102	120	55	24	7	13
12121	101	116	45	21	6	9
12131	.	127	87	32	.	15
12138	102	119	81	34	9	13
12146	.	118	86	34	.	14
12159	103	121	71	23	5	17
12169	102	116	80	32	8	19
12174	102	120	67	24	5	14
12184	107	124	90	29	11	15
12193	103	119	14	1	3	0
12197	102	117	28	18	7	5
12200	104	116	94	40	10	18
12203	.	123	71	14	.	15
12218	101	119	78	33	7	17
12230	102	115	61	19	8	9
12249	103	124	75	36	8	12
12250	102	122	73	25	10	14
12266	100	118	69	30	8	17
12267	101	116	45	12	3	4
12268	102	118	64	26	7	10
12273	103	119	52	15	7	11
12280	101	118	88	35	9	17
12292	103	114	87	28	5	18
12297	100	118	80	28	2	13
12303	116	128	89	30	8	13
12305	.	111	79	28	.	18
12316	102	116	54	20	10	13
12335	102	122	42	19	9	7
12338	101	128	78	31	8	13
12345	103	118	82	30	10	15
12353	103	123	42	21	7	7
12359	107	115	64	25	10	17
12372	.	115	84	23	.	15
12373	110	119	91	33	10	19
12375	107	125	24	11	7	4
12379	104	117	23	13	7	3
12381	104	117	75	23	10	10
12382	104	120	80	28	7	15
12387	102	115	53	16	5	9
12396	.	119	61	21	.	7
12414	103	117	70	30	9	13
12423	.	118	66	20	.	10
12427	103	117	96	32	8	16
12431	104	117	88	26	8	15
12433	104	116	94	43	8	19
12450	103	121	77	36	11	14
12458	.	117	56	21	.	10
12460	102	118	22	9	6	1
12461	.	118	84	27	.	18
12471	.	123	60	20	.	3
12472	101	120	63	25	7	10
12486	102	114	67	21	7	19
12487	106	117	51	20	8	17
12489	107	119	76	23	4	17
12491	.	114	58	21	.	14
12493	101	120	62	22	9	15
12494	.	121	34	15	.	5
12510	.	115	72	26	.	18
12515	103	121	81	34	6	13
12516	105	118	65	23	5	18
12519	.	117	43	20	.	12
12537	102	118	48	22	7	6
12540	119	117	40	16	.	3
12541	100	123	94	29	8	16
12543	105	119	70	30	9	15
12562	106	117	66	24	6	14
12570	105	115	76	28	8	9
12582	.	136	59	20	.	11
12585	101	119	13	3	6	0
12587	99	116	59	23	7	14
12600	103	129	95	43	13	19
12605	.	123	48	19	.	13
12607	104	117	85	38	8	16
12608	102	122	59	23	6	7
12609	101	118	93	28	4	17
12611	118	129	49	19	11	13
12613	102	116	95	35	8	19
12617	104	114	60	17	7	19
12626	115	122	53	24	8	13
12627	102	119	71	29	9	12
12629	104	122	81	32	7	14
12637	104	114	82	32	9	16
12654	102	118	90	38	7	13
12660	103	118	46	20	7	12
12662	101	114	55	21	3	10
12669	.	121	19	14	.	2
12672	105	117	55	29	7	14
12673	117	132	59	27	6	17
12676	102	119	37	23	7	5
12677	107	115	92	33	10	20
12689	107	119	90	28	10	16
12694	103	117	66	29	7	18
12704	103	123	40	20	7	13
12708	103	114	36	15	8	7
12722	104	121	37	16	7	6
12723	103	115	88	33	9	18
12728	101	116	79	33	7	13
12730	124	123	51	21	.	8
12733	102	117	38	13	8	4
12735	97	116	56	19	7	12
12738	104	118	53	19	5	11
12740	102	120	96	32	8	18
12741	100	122	70	22	5	11
12742	107	113	25	13	5	2
12746	103	119	76	27	7	12
12757	105	117	79	34	10	16
12763	103	123	42	21	7	7
12769	103	126	65	28	5	12
12773	100	114	79	33	7	17
12774	102	118	35	15	5	4
12775	.	128	68	28	.	12
12784	105	117	91	31	7	18
12786	103	116	81	16	7	15
12798	104	117	77	23	7	12
12800	102	116	41	18	6	7
12803	.	115	69	18	.	17
12814	103	121	65	21	6	11
12828	104	115	97	28	9	18
12842	102	114	79	26	10	13
12852	104	116	91	40	7	13
12860	104	113	40	18	8	2
12866	108	122	0	4	6	0
12875	.	117	74	21	.	15
12885	103	116	53	27	9	12
12886	105	117	79	32	6	12
12896	118	115	82	25	8	13
12898	101	122	90	30	9	18
12899	101	120	80	26	6	16
12900	.	114	28	12	.	4
12902	101	116	36	13	.	5
12906	102	121	50	24	11	6
12911	103	119	74	23	7	19
12914	104	116	43	18	6	11
12928	107	118	72	24	6	14
12929	101	116	63	22	7	18
12932	117	122	97	27	8	18
12933	102	118	43	22	6	.
12941	103	118	39	17	9	6
12943	103	115	0	2	5	2
12947	.	117	50	24	.	5
12953	103	114	13	3	5	1
12976	.	123	66	25	.	13
12981	103	123	50	16	7	6
12987	101	120	91	30	7	20
12990	100	114	52	20	5	17
12993	100	118	88	25	5	14
12994	110	129	98	37	8	19
12999	120	117	58	29	10	14
13001	102	124	82	34	8	10
13004	105	118	66	24	12	12
13011	.	130	73	23	.	15
13013	102	121	60	27	7	12
13019	105	117	84	23	6	18
13022	103	114	46	27	8	9
13034	115	119	78	24	.	17
13036	.	123	44	15	.	4
13040	99	119	41	15	7	10
13048	103	114	44	18	8	12
13055	102	117	65	18	6	16
13057	103	117	21	4	5	3
13061	103	121	25	11	4	3
13062	104	117	81	31	9	16
13079	104	118	21	11	.	0
13082	105	116	70	23	9	13
13102	.	119	87	35	.	19
13107	102	125	31	13	4	11
13111	103	115	97	37	10	18
13128	103	116	51	18	6	10
13139	105	126	82	34	6	12
13142	104	120	89	29	11	10
13144	105	120	64	29	7	15
13149	103	116	65	29	10	13
13152	102	127	75	26	9	15
13155	111	115	92	32	12	16
13163	105	118	37	16	10	6
13168	104	118	89	25	7	15
13171	104	114	16	9	7	1
13176	103	114	60	22	5	14
13179	.	121	88	37	.	18
13186	.	125	43	15	.	11
13187	105	117	88	36	12	15
13194	102	114	78	32	10	18
13196	102	117	82	25	9	10
13214	104	114	73	34	10	15
13219	102	118	60	22	8	14
13223	120	117	95	28	12	19
13237	102	118	65	32	12	18
13249	106	118	38	14	7	7
13255	103	117	49	20	9	10
13261	102	118	88	31	9	14
13269	107	119	82	25	7	16
13278	102	114	73	35	6	15
13279	101	114	90	34	9	10
13281	103	117	64	25	9	12
13284	.	117	82	23	.	18
13294	99	113	45	16	5	8
13304	101	117	50	17	7	10
13307	104	117	12	4	5	.
13313	100	121	70	20	7	11
13314	101	114	32	13	7	2
13319	.	119	84	38	.	16
13321	113	117	70	21	8	11
13333	101	115	75	17	7	19
13336	.	116	76	26	.	12
13351	102	117	55	24	6	8
13358	102	115	36	13	5	7
13361	.	117	81	26	.	15
13367	102	117	91	27	9	17
13369	102	115	76	32	10	14
13370	101	117	54	17	7	11
13380	106	117	58	24	10	10
13385	103	119	38	11	6	3
13407	102	114	63	23	9	14
13416	101	118	78	28	8	16
13419	103	116	80	33	10	18
13440	101	120	94	37	10	19
13452	101	120	60	27	7	8
13456	103	117	75	33	8	13
13468	103	117	45	18	7	12
13469	101	114	64	24	6	13
13478	102	119	58	23	6	12
13485	100	119	49	24	9	13
13495	102	118	90	36	8	16
13498	104	118	57	18	10	10
13499	107	118	85	26	7	11
13501	104	115	49	21	6	6
13511	103	118	75	26	7	16
13517	103	123	77	35	5	18
13518	102	116	63	32	9	14
13522	104	116	56	20	6	13
13538	102	117	89	32	10	13
13540	99	118	53	25	8	8
13546	104	116	80	28	8	12
13549	103	124	90	34	8	15
13554	102	116	24	12	7	2
13556	102	116	90	36	10	17
13571	102	114	78	25	7	12
13583	102	126	85	28	8	12
13592	109	123	55	26	9	8
13602	107	119	87	27	6	14
13603	101	118	86	24	7	18
13604	107	115	93	36	9	18
13606	.	118	73	25	.	17
13618	.	131	81	31	.	18
13623	.	124	70	35	.	15
13631	102	118	75	29	7	14
13635	107	120	95	30	7	17
13642	100	129	96	27	.	19
13650	105	118	81	34	10	18
13651	106	119	78	20	4	17
13652	102	115	34	17	3	4
13657	105	121	65	29	9	15
13662	103	117	95	32	7	18
13682	101	114	42	13	7	6
13683	.	137	54	21	.	6
13695	.	119	79	23	.	12
13696	105	122	57	21	6	8
13701	.	116	85	30	.	18
13710	.	113	49	23	.	13
13721	108	122	48	17	6	6
13722	102	118	78	34	8	19
13734	104	126	94	24	9	18
13735	103	116	80	31	7	19
13740	.	117	67	19	.	16
13750	102	115	96	15	8	19
13752	124	132	80	23	9	18
13754	101	122	50	19	8	14
13760	104	117	76	35	9	15
13761	102	118	92	39	10	13
13772	105	114	69	24	7	13
13773	109	113	22	11	6	1
13782	102	116	88	32	10	17
13784	101	135	19	9	8	3
13789	102	121	92	33	12	20
13795	103	118	47	19	8	9
13808	102	114	77	27	6	14
13812	107	117	75	27	7	16
13831	101	114	52	20	5	9
13839	101	118	18	15	6	2
13840	102	124	84	30	7	14
13846	104	116	72	25	8	18
13847	101	114	43	12	4	5
13848	103	115	16	4	7	3
13855	103	118	41	24	12	7
13856	102	119	67	28	7	11
13869	110	117	97	40	10	20
13872	102	114	52	18	7	9
13874	100	123	74	29	11	10
13881	.	120	29	15	.	3
13889	.	125	39	15	.	7
13892	101	118	64	31	6	9
13895	101	117	56	19	8	17
13901	102	121	77	34	7	13
13940	114	116	60	18	9	13
13942	103	119	47	22	7	6
13946	102	114	62	26	11	10
13961	99	127	93	32	9	15
13969	104	115	13	4	7	0
13972	103	115	59	20	9	12
13995	102	119	87	26	7	16
13999	101	123	48	24	8	12
14007	103	114	58	23	8	11
14010	.	114	53	20	.	7
14028	.	118	81	30	.	16
14050	102	121	66	23	9	13
14054	104	115	53	25	6	9
14072	104	117	35	12	6	7
14081	104	121	71	30	6	17
14082	100	121	36	10	6	4
14085	105	125	71	25	9	13
14087	102	120	36	16	6	4
14088	102	115	75	26	6	15
14089	100	121	69	30	7	15
14091	103	118	66	29	8	11
14095	98	115	48	25	7	8
14096	103	123	72	25	8	13
14107	102	125	56	25	7	10
14109	112	117	69	36	10	15
14117	108	117	68	28	8	13
14118	104	113	82	27	4	16
14121	.	117	40	16	.	7
14129	102	121	63	29	8	12
14131	103	123	92	30	7	12
14134	102	112	39	23	11	6
14144	100	122	47	21	5	5
14149	100	123	79	33	9	16
14154	102	115	63	25	6	16
14157	104	123	92	29	9	14
14159	101	117	84	32	10	14
14160	102	123	76	27	5	14
14163	107	121	86	29	9	15
14168	102	116	72	36	10	15
14171	108	120	91	39	9	17
14186	104	115	95	38	12	18
14190	103	124	81	28	8	14
14193	104	118	55	20	9	13
14202	100	114	41	15	6	12
14215	108	118	80	32	10	15
14217	103	116	64	23	8	10
14224	102	120	54	23	5	17
14231	.	117	87	27	.	19
14235	104	114	94	37	11	19
14237	106	121	89	39	10	14
14238	103	117	55	25	8	11
14240	106	115	90	30	9	19
14244	103	117	79	28	9	14
14245	116	119	71	20	8	18
14249	105	120	60	26	7	10
14252	103	119	88	22	6	18
14257	105	114	17	6	8	.
14260	.	115	57	21	.	9
14270	102	114	18	10	8	0
14274	103	119	96	32	11	18
14278	103	116	38	16	7	6
14281	103	116	66	24	8	12
14282	.	119	57	22	.	9
14289	104	116	71	22	9	11
14290	.	117	56	22	.	12
14295	105	120	55	17	7	12
14304	102	119	66	33	5	15
14312	103	119	94	38	8	18
14314	105	122	53	24	7	9
14315	99	117	48	24	9	8
14323	103	118	48	23	9	11
14327	102	114	83	27	9	12
14331	108	124	61	21	8	12
14333	107	118	55	23	6	.
14335	116	121	36	14	7	.
14336	101	118	56	26	10	15
14355	103	117	84	23	5	18
14366	106	122	87	18	6	17
14372	103	113	54	38	9	11
14385	110	120	76	25	8	13
14393	102	122	85	36	8	13
14394	103	114	53	26	9	9
14398	102	117	88	36	11	14
14426	104	113	80	30	5	17
14436	106	122	51	27	8	11
14446	103	117	77	32	10	17
14467	.	123	96	36	.	19
14477	.	119	60	25	.	14
14485	102	116	97	36	11	19
14491	103	121	94	28	8	17
14494	102	118	80	26	10	17
14497	103	116	91	40	10	19
14499	102	117	60	22	5	14
14509	105	115	46	19	10	7
14510	103	115	63	27	6	16
14513	.	120	43	20	.	7
14514	103	117	85	33	8	15
14518	117	130	96	34	10	16
14531	102	118	53	22	7	15
14534	101	117	72	30	7	11
14547	118	118	57	19	7	9
14550	103	117	70	27	8	15
14553	102	114	37	17	5	6
14554	104	116	96	35	8	20
14565	120	121	30	10	3	5
14576	100	116	60	24	8	17
14581	.	116	22	8	.	0
14584	102	120	56	22	8	9
14589	103	123	85	34	11	15
14594	105	118	60	25	6	14
14596	105	121	52	19	7	12
14598	102	119	90	25	9	15
14604	104	117	57	25	7	10
14614	104	117	47	23	6	9
14632	103	115	52	22	10	12
14634	103	115	79	33	10	16
14636	106	121	61	25	7	15
14641	102	118	56	28	9	15
14642	104	123	49	25	8	15
14648	.	114	69	25	.	15
14651	102	121	90	38	7	18
14659	102	117	65	31	8	16
14664	100	118	80	20	6	16
14665	103	117	22	13	7	6
14671	107	117	22	9	6	3
14673	107	119	40	13	7	6
14675	.	118	68	28	.	16
14684	104	116	77	26	7	18
14687	.	126	91	35	.	17
14690	101	119	45	20	5	14
14694	101	115	46	22	8	11
14706	99	120	99	32	7	19
14709	102	119	50	20	6	12
14721	106	132	6	2	7	0
14722	102	119	65	20	7	8
14730	.	122	56	22	.	14
14731	105	117	76	19	6	14
14733	.	118	97	36	.	13
14737	104	115	43	20	8	4
14744	103	114	68	20	8	8
14747	103	116	66	24	4	13
14748	104	115	66	21	8	13
14758	101	122	50	24	6	11
14778	98	119	38	22	9	6
14779	117	124	32	15	10	10
14785	103	118	47	19	6	8
14792	104	113	55	22	5	10
14801	104	118	64	27	8	10
14806	103	125	80	36	9	13
14809	104	114	64	32	8	10
14831	103	114	93	39	9	15
14838	101	125	92	37	8	17
14839	108	123	50	30	12	8
14841	104	120	84	35	9	15
14848	103	114	80	30	10	15
14851	102	117	47	21	7	11
14854	102	118	91	31	7	18
14859	105	114	76	33	8	13
14860	102	118	78	28	8	15
14863	102	117	88	30	10	16
14866	103	121	51	20	8	10
14868	102	118	93	32	12	19
14873	103	117	85	36	6	18
14883	102	124	90	36	6	16
14885	103	122	31	14	8	2
14890	103	119	84	32	9	17
14903	102	124	63	26	7	18
14922	114	120	90	21	8	15
14930	103	117	52	27	7	5
14934	104	118	96	36	7	18
14937	.	134	96	36	.	20
14938	105	117	54	24	9	14
14939	110	122	34	14	6	6
14944	101	119	57	24	6	12
14952	102	117	76	25	7	14
14957	102	116	59	30	7	11
14963	102	118	81	24	9	18
14966	105	117	90	38	8	16
14969	102	114	92	31	9	16
14971	107	118	79	31	9	16
14988	106	135	72	24	5	11
14991	102	121	21	11	5	2
15014	100	115	64	24	9	18
15017	102	115	53	21	6	9
15025	.	132	53	13	.	7
15038	102	118	83	30	8	13
15047	104	120	47	24	6	10
15053	102	115	51	20	8	10
15055	102	114	85	27	5	18
15057	.	116	33	18	.	15
15075	102	115	63	26	10	9
15076	105	116	88	24	8	14
15100	102	115	26	11	9	3
15102	105	116	67	27	8	14
15105	116	116	92	35	12	18
15109	101	117	85	29	8	18
15110	101	126	91	28	7	20
15111	103	119	45	32	5	16
15122	106	122	64	27	9	16
15130	.	118	49	26	.	8
15131	102	115	79	28	9	9
15132	99	118	98	41	8	19
15144	103	113	88	33	8	16
15151	102	123	98	38	10	16
15156	103	123	65	24	8	16
15159	102	116	40	11	4	7
15160	114	140	25	11	8	4
15166	103	117	78	29	7	16
15174	104	118	87	31	10	15
15186	105	115	94	34	5	19
15188	105	117	63	19	9	15
15190	115	118	84	39	11	.
15205	103	121	51	20	8	14
15208	104	115	74	29	7	16
15216	103	114	80	40	9	15
15226	.	117	84	26	.	16
15231	105	122	60	26	8	10
15239	108	117	65	26	9	14
15242	101	118	91	36	6	17
15247	.	126	15	4	.	1
15258	102	119	50	21	7	7
15269	106	115	52	11	6	8
15273	.	114	84	38	.	18
15275	103	119	92	35	10	17
15277	105	120	64	17	7	6
15281	104	118	59	30	6	11
15289	103	119	50	19	6	15
15295	102	117	27	11	9	5
15328	.	114	68	31	.	15
15330	104	116	79	27	10	14
15331	107	116	88	33	6	15
15342	104	115	45	16	6	11
15354	101	114	53	24	10	11
15363	102	117	46	20	7	15
15364	102	114	58	30	10	14
15366	105	113	53	26	9	7
15367	100	116	83	31	9	14
15368	.	120	34	13	.	8
15369	102	118	73	28	9	11
15371	99	116	89	32	9	16
15375	109	118	41	19	7	7
15377	.	122	31	24	.	6
15388	113	122	91	35	8	17
15394	102	114	80	26	7	14
15404	104	118	81	35	6	13
15408	101	117	59	18	6	12
15409	103	123	45	23	7	9
15410	.	128	66	21	.	18
15417	100	116	82	29	9	15
15429	105	124	72	26	7	14
15434	102	119	77	29	8	11
15443	103	117	93	38	6	19
15446	101	116	79	30	9	17
15448	102	118	63	26	7	16
15450	103	114	65	22	8	14
15453	103	114	57	21	6	10
15460	.	128	54	21	.	5
15472	99	113	50	22	8	12
15473	120	118	92	30	10	17
15490	.	125	72	32	.	18
15508	104	121	63	27	8	11
15509	.	115	69	35	.	14
15511	101	124	71	30	9	15
15529	101	117	58	22	11	9
15531	104	118	72	30	11	10
15536	103	118	75	31	7	18
15543	100	116	30	11	3	.
15546	104	120	87	24	9	15
15553	.	119	75	24	.	16
15556	102	116	86	33	10	15
15562	100	116	71	25	6	11
15563	103	117	65	37	7	13
15568	104	119	50	21	5	13
15569	.	122	54	19	.	8
15574	106	118	39	18	6	8
15586	100	123	90	43	11	16
15604	104	117	63	23	9	12
15606	101	115	34	11	5	2
15622	104	117	97	32	7	17
15648	104	117	56	26	8	6
15662	103	117	89	36	9	15
15667	102	120	51	20	7	6
15692	103	117	36	16	7	7
15697	103	113	46	17	6	11
15700	104	118	38	18	6	3
15711	.	130	48	28	.	13
15717	102	117	88	36	7	18
15718	103	119	57	20	8	12
15724	102	114	99	34	9	17
15732	102	120	77	37	8	14
15737	104	114	26	10	8	6
15742	101	119	77	26	9	18
15743	119	119	90	26	9	15
15745	.	114	41	13	.	9
15750	104	115	79	31	7	14
15768	100	117	87	34	8	15
15773	.	124	46	18	.	7
15787	103	117	55	24	4	12
15788	102	114	57	23	5	16
15790	101	118	56	22	11	11
15801	103	115	94	33	10	19
15803	103	123	45	24	10	8
15808	105	122	60	31	6	11
15810	104	114	72	23	4	15
15814	105	113	39	15	7	6
15815	.	115	63	23	.	16
15821	103	117	84	33	10	16
15823	101	115	78	36	9	15
15825	100	123	78	32	7	14
15833	102	115	64	30	7	11
15841	103	116	100	39	12	18
15855	103	117	51	22	8	13
15865	104	121	86	30	4	17
15878	101	117	52	20	7	13
15884	104	116	51	19	8	7
15887	102	116	64	22	7	12
15890	105	117	44	25	6	13
15898	107	120	39	12	7	6
15900	102	118	62	23	6	14
15902	.	126	87	37	.	16
15913	103	118	93	36	7	17
15916	104	118	43	18	2	12
15917	.	114	59	22	.	9
15920	102	115	73	28	10	16
15923	104	117	64	20	7	12
15924	.	119	53	19	.	12
15956	103	114	70	30	8	9
15971	101	126	70	30	.	16
15978	110	125	59	34	10	13
15991	104	117	61	25	5	11
16015	103	115	92	36	13	16
16029	103	117	38	15	6	5
16053	104	121	35	13	6	6
16061	103	118	89	30	7	17
16071	103	116	46	22	7	9
16082	105	123	80	30	7	17
16084	103	117	97	36	10	18
16088	103	115	91	36	11	16
16108	104	124	94	36	9	18
16126	.	117	49	22	.	14
16144	102	118	70	32	8	12
16145	111	127	55	25	8	12
16147	101	129	83	29	7	16
16149	104	115	31	12	6	2
16159	100	121	81	35	10	13
16164	104	115	31	16	8	9
16166	103	119	56	22	9	14
16176	104	115	78	28	11	17
16184	101	122	94	36	8	19
16190	99	127	85	23	6	16
16193	103	126	63	25	7	7
16199	.	128	68	26	.	14
16208	103	119	65	33	7	15
16212	.	116	46	18	.	6
16233	103	114	95	38	9	19
16240	.	119	93	29	.	18
16253	100	114	78	32	9	17
16259	102	121	54	22	6	14
16260	103	119	27	11	8	2
16267	104	117	56	19	5	11
16270	.	119	56	22	.	14
16271	100	123	77	27	6	13
16278	112	120	98	33	7	15
16280	103	119	53	18	6	12
16286	99	116	54	21	6	11
16295	106	119	41	19	9	11
16297	104	123	79	21	5	15
16321	101	129	85	30	7	18
16325	101	114	52	23	.	9
16335	103	114	93	27	10	18
16343	.	118	92	22	.	17
16353	118	120	57	24	9	10
16354	.	127	66	24	.	13
16356	102	116	56	16	6	15
16379	104	117	41	14	5	8
16380	101	123	100	42	13	17
16403	.	124	42	14	.	8
16413	.	124	78	16	.	15
16428	103	114	42	15	6	11
16430	103	115	73	22	8	17
16446	102	116	85	37	11	16
16448	116	118	93	29	9	18
16451	102	119	52	22	8	11
16457	102	117	89	29	11	14
16470	103	120	43	14	5	9
16471	106	126	80	41	12	15
16475	103	117	79	33	11	14
16484	104	117	69	22	7	12
16486	102	117	81	26	7	16
16490	102	114	87	35	5	19
16491	104	117	65	22	7	13
16493	111	115	30	16	8	3
16495	102	115	51	15	6	11
16496	103	117	94	36	10	19
16500	111	122	87	20	7	15
16501	101	135	46	25	8	9
16505	105	117	78	26	5	16
16506	.	120	52	25	.	11
16507	101	116	72	25	6	16
16511	102	115	21	10	7	3
16521	.	118	48	22	.	6
16524	101	115	60	24	7	15
16526	.	118	35	17	.	9
16535	.	126	84	28	.	18
16541	102	115	84	38	8	16
16546	102	115	75	22	7	13
16550	102	125	86	34	10	16
16554	101	116	93	37	8	19
16580	101	114	79	29	8	16
16587	101	118	63	34	11	16
16597	102	114	61	22	5	11
16609	.	117	86	27	.	19
16614	103	114	68	23	4	12
16630	102	119	73	37	10	18
16635	103	116	36	14	8	5
16638	102	115	95	39	13	17
16642	104	115	66	27	8	16
16643	.	120	89	16	.	18
16654	104	119	80	30	7	12
16657	101	117	91	38	10	17
16670	104	117	46	16	5	12
16673	101	125	54	23	8	14
16680	102	118	67	20	9	13
16681	103	116	74	34	7	14
16682	106	119	59	33	7	12
16692	.	123	62	21	.	12
16693	102	118	50	25	11	11
16708	119	129	77	27	7	15
16710	.	132	95	32	.	18
16714	104	119	72	27	9	17
16722	102	119	41	11	8	8
16726	106	113	41	19	5	4
16727	106	117	43	13	5	9
16729	101	122	75	25	4	16
16736	104	117	48	22	8	12
16741	102	117	85	28	3	17
16743	103	115	30	14	7	3
16745	102	122	53	21	8	7
16746	.	135	41	14	.	11
16756	103	116	80	26	7	14
16762	103	114	45	20	7	8
16767	99	117	42	15	7	10
16773	.	118	51	22	.	10
16774	102	116	26	5	5	0
16775	100	129	71	29	7	15
16779	103	113	80	27	6	18
16801	105	115	78	26	7	12
16805	102	117	53	20	7	12
16810	102	116	51	20	8	7
16812	.	119	60	17	.	17
16842	.	115	62	37	.	13
16847	113	117	16	4	6	1
16853	.	126	44	19	.	10
16863	.	128	59	25	.	11
16865	103	115	52	22	7	10
16874	104	114	56	20	8	14
16884	102	119	90	34	7	17
16894	104	114	70	25	7	17
16903	.	119	91	37	.	19
16917	106	114	51	19	7	13
16920	102	114	57	18	5	13
16924	99	120	66	27	7	15
16927	101	114	30	11	6	14
16930	101	118	93	28	7	18
16933	102	122	59	23	9	10
16935	102	117	62	26	10	12
16937	.	117	79	15	.	18
16942	102	120	37	16	6	9
16955	101	117	89	25	4	11
16957	102	115	81	27	7	16
16960	101	114	59	22	7	14
16964	102	117	41	21	8	12
16967	106	114	51	19	7	9
16973	104	113	42	19	4	11
16978	103	114	69	31	9	18
16981	113	116	77	24	7	16
16986	102	119	66	22	6	18
16991	103	118	34	14	7	6
16992	103	117	56	27	8	14
16994	105	120	68	30	8	11
16996	102	117	63	27	9	14
17004	107	118	91	24	8	17
17009	105	117	93	35	11	17
17013	103	116	99	35	7	20
17016	106	121	63	28	6	12
17020	103	117	58	29	9	9
17029	103	117	41	19	7	9
17030	102	120	52	24	7	11
17037	101	120	84	36	10	.
17055	103	120	63	23	8	13
17059	101	116	86	29	7	18
17062	.	115	29	16	.	4
17063	103	120	66	30	5	12
17064	103	114	38	19	5	10
17078	106	124	70	34	9	10
17094	110	121	43	23	7	8
17098	102	120	87	28	9	13
17104	102	118	96	26	6	16
17114	103	118	69	33	7	14
17117	.	123	64	19	.	10
17121	102	114	78	20	6	18
17128	.	119	56	24	.	10
17143	103	118	70	20	10	14
17145	102	118	90	30	9	18
17169	.	118	55	20	.	12
17183	103	116	40	12	9	9
17186	110	118	60	21	7	11
17196	101	115	90	36	13	18
17205	.	130	37	17	.	9
17206	108	121	22	11	9	2
17207	107	114	45	19	7	10
17210	.	132	53	25	.	14
17217	100	113	53	27	9	12
17219	102	115	47	24	8	13
17223	102	120	82	30	7	16
17228	106	118	63	20	5	7
17266	102	116	70	21	3	14
17267	102	116	74	28	7	17
17274	102	124	52	14	6	13
17279	103	119	51	25	9	9
17280	.	130	78	20	.	17
17282	114	116	53	14	.	.
17293	101	118	78	30	8	13
17301	102	115	64	23	6	13
17306	107	119	25	13	7	6
17320	104	116	98	39	12	19
17347	101	114	68	20	7	15
17349	100	123	61	24	5	7
17359	105	116	62	26	7	12
17373	101	115	61	22	7	14
17374	101	116	62	31	6	16
17375	101	122	75	21	2	16
17376	104	114	59	28	10	15
17384	103	118	41	20	8	5
17387	102	126	23	10	5	3
17389	101	116	54	18	6	8
17390	107	121	61	25	10	9
17391	.	124	76	29	.	13
17394	101	114	93	31	6	16
17405	102	112	80	36	10	12
17407	102	125	95	34	9	16
17408	121	129	17	9	6	3
17412	.	123	45	25	.	9
17413	103	117	92	38	11	16
17425	105	114	39	13	6	6
17430	104	119	67	27	8	14
17435	102	119	57	15	6	13
17442	105	118	79	15	7	17
17443	102	117	75	32	8	14
17460	103	116	87	31	8	17
17463	106	122	85	32	7	18
17466	104	117	67	23	6	18
17467	101	117	42	17	9	7
17473	101	122	59	24	8	10
17476	104	117	76	33	7	14
17484	105	120	60	29	9	16
17490	107	123	81	39	11	13
17504	102	114	85	27	6	19
17512	101	113	72	34	7	16
17516	101	116	60	20	3	13
17530	102	124	35	17	2	4
17533	105	119	88	22	6	13
17541	.	116	65	34	.	11
17545	101	119	97	35	11	19
17554	106	122	17	9	6	2
17569	105	119	78	27	6	18
17571	102	115	67	33	8	16
17578	103	118	89	35	8	17
17593	106	116	48	21	7	12
17600	103	115	64	26	6	17
17616	101	124	51	23	6	9
17622	.	123	77	29	.	11
17633	103	114	92	36	12	19
17637	103	118	55	24	9	15
17649	113	123	67	32	11	14
17661	103	118	62	22	8	12
17666	102	114	68	27	8	14
17683	103	115	74	29	8	18
17684	102	118	52	19	6	11
17690	.	120	57	21	.	14
17691	102	118	89	34	3	17
17697	.	117	69	20	.	11
17699	104	118	58	23	7	11
17700	103	115	87	35	6	17
17711	.	115	61	17	.	10
17730	104	121	85	29	8	16
17731	104	122	34	16	6	14
17742	100	114	91	24	5	19
17744	.	126	50	27	.	10
17749	.	127	83	36	.	18
17753	121	129	42	13	6	6
17758	103	114	68	38	10	14
17759	101	117	79	32	6	13
17784	102	116	88	36	11	19
17786	103	129	81	26	4	6
17792	100	117	42	24	11	9
17799	102	126	83	32	6	16
17807	101	118	97	42	13	18
17808	104	121	80	29	7	16
17813	108	121	22	6	3	4
17815	.	119	52	21	.	12
17822	107	122	72	27	8	9
17824	102	121	36	19	7	9
17837	102	117	65	31	6	11
17842	106	116	63	21	6	13
17846	103	118	71	32	7	14
17863	102	115	81	25	8	15
17889	103	123	78	36	8	15
17895	101	117	77	33	10	17
17897	103	117	69	25	9	16
17910	.	118	28	15	.	3
17912	103	118	48	19	7	13
17915	105	127	68	22	8	15
17931	102	118	26	10	6	2
17942	103	117	60	19	7	15
17945	99	122	91	31	5	19
17946	103	115	70	26	8	17
17947	103	120	97	44	12	19
17960	100	114	63	35	8	12
17962	102	115	43	20	5	11
17966	104	117	88	33	8	18
17971	101	116	56	25	10	14
18008	103	118	78	32	9	12
18022	103	116	88	36	9	16
18024	102	122	79	33	9	17
18027	.	122	47	21	.	9
18039	118	125	73	20	7	14
18041	102	116	74	25	9	11
18046	104	118	49	20	6	10
18068	102	119	77	26	8	17
18073	101	118	80	25	9	18
18076	103	117	83	33	10	18
18091	103	122	88	23	7	14
18094	.	122	45	16	.	8
18096	103	118	90	33	3	16
18102	101	114	44	16	7	8
18108	103	121	69	26	7	13
18109	102	122	72	21	3	10
18116	112	120	67	25	10	11
18122	103	122	64	29	7	16
18132	100	118	82	21	8	11
18134	100	115	55	16	6	14
18138	.	130	84	36	.	15
18142	105	114	78	31	8	14
18145	103	119	80	28	7	11
18149	103	117	98	35	11	19
18151	.	115	73	35	.	12
18156	103	118	68	27	8	16
18161	.	125	93	30	.	20
18163	102	118	36	14	8	3
18167	104	119	84	33	7	14
18169	99	123	88	28	6	17
18173	104	116	72	32	6	12
18176	105	122	60	23	5	16
18188	102	117	89	33	9	17
18195	100	136	55	21	7	11
18200	101	114	40	18	6	8
18206	102	116	69	27	8	18
18207	104	115	55	24	6	12
18209	103	119	73	28	5	14
18223	103	116	76	35	6	17
18226	103	114	84	24	6	18
18227	.	123	38	14	.	6
18230	104	117	60	29	8	12
18235	.	117	79	23	.	15
18246	98	115	92	32	7	17
18258	.	120	80	18	.	19
18263	103	118	94	35	6	17
18267	104	118	44	18	7	11
18272	102	117	73	37	9	17
18274	111	119	94	37	11	18
18276	101	115	98	40	8	20
18297	.	120	53	19	.	11
18322	103	114	49	22	9	9
18341	.	125	74	25	.	14
18342	101	120	62	35	7	16
18350	105	119	70	29	8	11
18366	117	120	44	16	.	12
18368	100	115	72	31	8	15
18382	103	118	50	14	7	11
18387	100	120	18	9	7	.
18391	105	123	51	17	4	15
18394	100	122	60	27	6	8
18397	101	123	86	26	6	12
18402	104	130	67	24	7	12
18407	103	126	100	42	11	17
18421	102	117	50	22	7	9
18424	103	120	89	31	6	15
18428	104	117	75	27	9	16
18434	104	117	90	24	7	16
18446	107	132	86	32	10	13
18454	102	115	49	21	8	11
18457	102	117	82	24	7	16
18458	102	116	79	30	13	18
18461	102	119	62	24	6	16
18464	102	115	67	29	6	12
18474	102	123	55	22	7	12
18492	113	117	80	27	7	11
18500	103	115	57	26	10	12
18504	104	119	80	25	9	13
18505	103	118	57	22	6	16
18513	102	116	74	32	6	14
18516	102	116	51	19	8	8
18524	103	118	73	22	8	12
18525	102	120	54	18	7	8
18526	99	126	71	16	8	15
18529	103	117	89	28	7	17
18536	102	117	56	24	11	15
18546	102	117	99	24	9	19
18560	103	117	67	30	11	9
18563	102	122	70	27	9	14
18569	107	117	42	19	4	4
18581	.	122	75	34	.	15
18583	106	118	70	39	10	11
18584	.	118	92	31	.	19
18587	.	121	68	20	.	15
18590	103	115	78	22	9	9
18594	109	118	63	25	7	14
18599	.	119	37	16	.	6
18604	103	126	14	3	3	0
18609	99	118	78	28	9	11
18612	105	115	64	21	9	17
18615	112	116	90	33	8	17
18617	105	120	87	31	5	19
18620	101	117	78	29	7	13
18624	102	115	65	18	7	12
18632	109	124	65	26	3	18
18649	.	118	78	25	.	15
18651	103	115	91	35	9	16
18652	101	123	68	30	7	7
18654	102	115	44	21	6	9
18660	101	125	53	20	6	8
18669	.	121	73	28	.	16
18679	102	126	59	24	6	11
18688	102	117	80	31	3	18
18696	102	118	53	21	8	9
18704	100	116	85	29	7	17
18712	103	118	75	29	7	12
18714	102	114	71	32	10	16
18716	103	122	71	23	8	14
18737	.	115	37	18	.	0
18741	103	116	55	18	5	10
18749	101	118	87	26	8	14
18752	110	115	90	25	7	18
18766	122	124	19	10	7	0
18774	103	118	54	21	9	8
18776	101	120	86	28	7	10
18778	100	117	55	21	6	9
18796	.	119	62	29	.	7
18807	102	115	70	27	9	10
18808	105	120	33	16	9	5
18812	101	113	52	27	8	11
18813	104	114	92	27	8	18
18823	113	125	82	21	7	16
18829	.	124	70	20	.	15
18831	102	118	57	26	6	10
18840	102	123	86	33	6	17
18851	105	118	87	42	15	16
18855	103	116	95	37	8	17
18869	104	115	71	24	6	17
18882	.	123	18	6	.	1
18904	100	132	18	8	6	0
18911	108	120	98	39	13	20
18921	101	118	99	31	9	19
18926	100	116	89	30	8	19
18931	101	118	92	39	10	17
18936	102	129	63	28	5	14
18945	101	123	88	33	9	16
18946	102	117	95	32	12	20
18956	105	116	79	31	3	15
18957	.	124	66	27	.	16
18964	104	121	76	39	4	15
18965	102	116	88	36	10	18
18966	103	114	59	21	7	15
18970	99	118	45	12	7	9
18975	103	116	55	28	11	11
18977	103	115	56	23	7	12
18983	112	115	77	29	9	16
18988	.	118	66	24	.	15
18993	.	119	97	36	.	19
18996	103	115	85	33	9	14
19009	.	123	69	31	.	14
19016	101	115	39	22	6	9
19023	103	122	62	28	9	12
19029	103	114	52	25	9	17
19037	101	122	86	29	6	16
19038	.	117	55	17	.	13
19041	103	115	66	33	7	16
19055	.	123	73	25	.	11
19064	102	114	18	9	5	0
19073	102	114	70	32	8	16
19074	102	119	34	8	4	1
19082	.	116	47	21	.	14
19092	100	117	33	14	8	9
19093	.	128	84	33	.	13
19094	102	116	52	18	7	9
19096	112	117	68	21	8	15
19099	102	119	53	15	6	13
19111	102	117	26	9	7	6
19112	100	117	98	34	8	19
19116	113	124	39	15	6	4
19118	103	118	52	14	2	14
19138	102	122	63	23	8	12
19143	103	114	90	26	9	19
19144	104	114	85	31	7	16
19147	102	116	90	38	8	11
19149	107	117	47	15	9	5
19159	101	118	48	26	8	12
19162	.	117	66	19	.	14
19171	102	116	57	25	7	19
19180	107	118	16	33	10	16
19184	104	122	34	23	8	6
19185	102	119	74	25	7	15
19191	117	118	77	25	8	16
19192	103	118	63	31	9	17
19193	102	118	92	33	13	17
19194	103	117	56	24	9	12
19199	102	122	92	37	7	17
19205	102	119	41	15	7	9
19211	103	119	47	21	7	12
19216	103	123	88	37	9	18
19227	102	119	68	24	8	10
19233	104	116	87	25	7	16
19236	102	122	65	19	7	14
19242	.	129	36	18	.	6
19245	101	115	88	33	6	19
19247	.	131	90	33	.	17
19249	105	121	24	10	7	2
19260	110	123	57	23	7	15
19261	109	117	75	18	3	13
19263	104	115	94	35	12	17
19269	.	119	80	35	.	19
19276	.	122	55	18	.	10
19278	101	118	93	29	7	18
19283	103	116	36	15	5	5
19289	103	118	15	3	8	3
19293	102	135	93	38	7	19
19306	104	120	93	34	9	18
19321	.	123	23	12	.	4
19322	.	119	78	28	.	14
19324	102	116	63	18	2	13
19327	101	133	46	21	5	6
19329	100	115	48	22	7	9
19331	.	120	41	11	.	4
19333	102	114	86	33	10	18
19334	.	118	58	26	.	16
19336	101	121	99	44	12	18
19337	102	114	64	31	5	14
19340	104	119	80	32	8	18
19342	.	117	90	30	.	17
19349	102	118	64	19	6	12
19365	103	117	74	34	6	8
19366	104	118	86	31	7	17
19370	116	128	66	28	6	16
19385	.	118	68	18	.	16
19387	101	122	88	30	8	14
19391	100	122	68	26	6	13
19399	100	121	28	9	6	1
19406	106	119	75	34	10	12
19410	103	118	86	28	8	10
19413	102	114	84	40	8	15
19416	103	116	47	16	8	18
19419	103	118	63	32	10	10
19440	102	119	83	35	11	19
19450	104	115	30	11	6	4
19455	102	117	47	17	7	9
19471	102	118	47	12	3	15
19478	102	129	87	32	9	16
19481	102	118	54	18	6	6
19482	101	114	83	24	3	17
19486	.	118	47	17	.	8
19488	104	119	59	23	9	17
19497	103	115	46	22	8	8
19501	111	127	81	34	7	17
19502	102	114	94	41	11	19
19534	102	115	69	29	6	14
19535	109	116	53	21	5	7
19539	99	121	86	32	7	17
19541	102	119	81	20	5	.
19544	103	118	85	28	8	17
19545	101	117	73	21	9	14
19546	104	125	87	28	5	19
19548	102	115	78	38	8	19
19551	100	123	52	20	6	9
19563	101	122	49	19	7	11
19569	104	119	64	20	3	14
19578	104	118	70	14	2	15
19584	103	113	48	25	7	12
19586	.	122	92	29	.	17
19595	103	115	56	29	4	10
19606	102	118	85	27	6	12
19614	103	118	50	19	5	10
19618	102	120	76	24	8	18
19628	101	117	78	35	7	10
19634	.	119	42	20	.	6
19636	104	115	86	39	9	15
19637	102	114	74	29	8	13
19642	102	118	66	27	7	16
19643	103	119	88	26	6	18
19654	103	117	59	27	9	13
19655	101	115	75	30	8	9
19657	104	118	39	18	5	9
19665	110	130	67	28	7	11
19668	103	115	85	17	2	19
19688	122	122	21	8	8	3
19694	102	117	91	43	11	14
19695	103	115	79	36	11	20
19704	103	119	43	14	5	8
19711	103	124	56	15	5	13
19713	102	114	93	41	8	17
19721	102	116	41	16	8	7
19729	.	123	32	13	.	2
19734	.	129	83	35	.	13
19743	.	136	35	16	.	1
19758	102	114	42	13	5	5
19760	102	126	34	18	8	7
19765	.	123	80	25	.	16
19781	99	121	72	33	6	17
19786	104	121	85	32	7	18
19790	112	118	78	24	7	15
19791	.	122	27	16	.	10
19794	103	120	89	37	8	16
19805	104	117	53	19	6	13
19819	104	116	46	20	6	14
19824	101	114	64	32	8	11
19828	113	116	78	33	11	18
19851	102	117	81	29	6	19
19863	102	118	47	19	9	12
19864	104	114	88	36	7	11
19867	100	126	79	31	8	17
19869	99	115	33	15	7	1
19871	105	121	82	28	7	12
19874	104	114	82	32	7	17
19875	.	120	47	24	.	8
19876	.	124	74	22	.	20
19886	103	118	47	20	7	9
19892	.	122	62	25	.	11
19893	104	122	86	30	8	16
19911	109	121	58	26	9	15
19914	102	119	76	33	11	16
19917	104	122	42	22	7	8
19918	101	127	67	28	7	9
19920	100	114	86	23	7	18
19928	103	117	96	38	9	20
19935	101	122	60	24	11	9
19951	102	116	28	14	10	5
19953	102	119	85	30	8	16
19962	101	115	70	22	4	15
19964	99	117	63	26	8	10
19968	107	123	94	34	7	17
19972	100	118	32	9	5	6
19976	102	115	46	16	8	6
19983	103	116	85	28	6	17
19989	102	116	80	27	7	14
19996	104	118	68	27	9	15
19997	104	119	83	31	9	17
20003	115	125	65	20	5	9
20008	101	120	87	33	10	18
20009	102	119	40	14	7	2
20040	100	115	9	9	6	2
20052	102	118	81	27	8	13
20053	104	116	80	36	10	16
20056	101	120	79	28	6	16
20078	102	118	65	21	8	16
20082	99	117	90	34	9	15
20083	100	114	83	27	4	15
20085	104	115	61	31	8	9
20098	102	116	71	33	11	10
20108	105	116	74	26	6	8
20121	.	122	83	25	.	13
20125	103	121	98	39	.	19
20128	106	121	87	33	7	14
20137	.	117	20	7	.	0
20141	102	118	88	34	12	18
20144	.	126	49	21	.	8
20148	101	114	52	26	7	10
20151	100	118	91	34	8	18
20152	99	115	95	28	8	16
20153	105	117	76	31	8	19
20163	103	117	95	34	10	16
20165	102	115	72	24	7	17
20174	104	117	41	17	7	9
20192	103	116	71	31	9	17
20195	103	115	54	28	9	14
20201	101	120	36	13	5	3
20203	100	126	85	35	6	16
20206	.	127	87	29	.	17
20217	.	121	37	15	.	7
20226	106	118	76	26	7	17
20228	103	118	65	23	7	13
20231	104	119	47	23	10	9
20232	102	118	59	21	6	16
20237	103	118	72	30	8	15
20258	102	117	86	29	7	15
20273	103	115	41	16	10	8
20275	105	123	98	38	9	19
20281	101	118	58	21	8	11
20284	103	120	42	13	8	3
20297	109	122	70	25	8	9
20301	103	119	71	24	6	13
20321	103	121	60	23	8	14
20328	103	115	81	33	10	15
20329	102	117	88	28	7	17
20340	102	116	54	25	9	12
20350	104	116	75	36	8	12
20364	105	115	52	18	6	5
20368	104	114	86	32	10	17
20371	104	119	90	28	7	18
20372	103	118	90	35	11	13
20375	103	114	95	30	8	16
20378	103	123	52	24	8	8
20383	103	120	40	16	5	10
20390	103	117	73	33	7	13
20393	103	122	51	20	5	10
20396	.	123	31	18	.	6
20405	102	117	77	31	5	17
20406	105	120	85	32	6	17
20408	115	125	73	31	8	12
20410	117	120	49	17	3	11
20411	102	118	75	36	9	.
20419	99	117	87	28	10	18
20420	104	115	38	17	8	7
20424	110	115	45	21	9	16
20427	104	123	65	22	6	14
20431	.	124	90	20	.	14
20440	.	122	59	35	.	14
20441	105	119	80	19	7	17
20445	103	114	18	8	8	2
20449	.	121	75	25	.	14
20451	100	117	83	29	7	18
20462	.	124	56	21	.	8
20465	109	119	74	36	10	16
20470	107	126	77	25	3	11
20477	103	117	85	22	7	11
20483	102	117	92	24	10	18
20494	.	123	44	18	.	12
20496	107	126	39	17	7	8
20498	105	118	91	33	8	18
20513	102	128	50	24	8	9
20514	108	126	73	35	9	18
20517	100	118	34	14	7	9
20518	.	124	13	4	.	1
20525	.	125	67	20	.	17
20554	105	129	62	32	9	11
20556	117	128	78	22	6	19
20562	109	115	46	18	7	7
20563	103	118	94	27	5	18
20571	103	117	73	22	6	16
20577	104	121	65	22	2	15
20581	102	119	75	37	10	11
20583	103	117	32	11	5	4
20587	104	117	54	22	8	9
20598	104	118	40	16	5	7
20599	103	117	55	25	7	15
20605	108	120	84	27	9	16
20609	.	114	28	12	.	6
20615	102	120	89	22	8	17
20635	103	133	97	38	8	17
20636	.	138	90	29	.	14
20653	102	117	44	22	9	9
20654	104	114	66	21	7	11
20659	102	126	87	24	8	18
20664	102	119	80	37	6	16
20672	101	117	36	14	5	6
20688	102	117	42	16	4	10
20702	107	122	64	21	4	11
20705	104	118	77	25	4	18
20708	107	131	45	18	5	12
20716	.	123	95	40	.	18
20717	.	119	98	32	.	19
20723	106	119	82	24	9	16
20725	.	116	22	9	.	2
20731	102	117	82	31	5	12
20733	105	117	89	31	6	14
20740	103	117	53	23	7	15
20748	101	118	23	6	6	4
20754	101	119	95	39	9	15
20758	103	112	55	17	2	10
20759	109	116	61	24	9	9
20765	101	123	97	32	6	19
20768	102	120	60	25	.	17
20775	.	117	74	28	.	13
20776	102	115	78	34	10	15
20791	102	118	83	29	7	17
20792	114	115	86	35	11	16
20795	104	116	43	13	9	8
20803	104	121	88	38	8	13
20805	102	114	66	17	8	18
20811	.	116	92	33	.	18
20813	102	118	90	32	4	18
20821	103	115	34	16	6	8
20822	102	117	21	9	3	1
20826	103	114	15	4	6	2
20831	.	122	60	29	.	11
20844	103	121	75	30	8	17
20848	104	122	91	31	9	17
20849	102	117	46	18	10	9
20866	103	114	83	26	10	11
20868	104	115	58	23	7	13
20877	103	116	48	19	4	12
20881	.	115	33	7	.	8
20882	100	115	74	30	8	17
20887	.	123	90	29	.	18
20917	102	119	61	25	5	13
20918	107	119	89	30	6	16
20923	102	115	76	26	7	18
20928	104	115	49	19	6	9
20931	101	117	85	35	8	12
20935	103	120	52	8	3	8
20936	107	118	74	29	5	15
20939	101	118	50	23	7	15
20941	104	119	92	33	7	18
20943	103	114	91	34	4	18
20948	101	119	93	37	12	18
20949	102	118	91	31	7	17
20957	104	118	27	11	6	3
20958	103	116	60	18	7	14
20964	104	116	14	4	3	0
20969	102	118	66	25	7	14
20980	103	117	84	30	8	16
20983	102	114	63	27	8	16
20984	101	122	54	34	6	10
20985	.	114	50	15	.	17
20987	103	118	44	20	9	14
20989	102	118	40	11	7	5
21009	103	114	58	25	8	14
21027	103	114	52	18	7	7
21032	103	123	80	31	8	19
21033	102	120	70	26	5	11
21034	103	120	0	0	6	0
21038	105	118	89	31	8	15
21043	102	118	91	42	8	18
21044	111	116	75	27	9	16
21049	103	117	45	15	5	9
21051	.	121	42	15	.	11
21053	104	116	38	11	8	9
21055	.	118	53	18	.	11
21057	101	119	54	24	6	14
21059	101	114	90	38	8	16
21061	108	122	83	27	8	15
21064	101	115	50	25	8	7
21067	102	118	50	16	5	12
21090	106	113	51	23	8	11
21093	103	136	49	21	7	13
21095	.	126	50	17	.	15
21100	101	115	53	19	6	14
21107	103	119	83	25	7	18
21117	102	118	58	24	8	11
21118	.	117	84	36	.	18
21121	107	124	34	15	5	9
21124	101	116	82	36	12	17
21127	102	122	65	29	8	15
21132	104	120	43	22	8	9
21147	102	119	81	34	8	16
21152	.	117	79	22	.	16
21154	104	113	89	27	8	16
21162	101	126	58	30	7	14
21172	100	114	59	27	9	12
21174	102	117	63	25	7	8
21186	102	117	80	35	9	16
21188	103	117	44	18	6	14
21189	104	118	59	29	10	14
21197	104	115	83	32	6	16
21199	104	116	87	35	8	17
21202	.	118	43	9	.	10
21236	103	121	67	21	7	13
21241	101	117	70	19	8	13
21245	100	116	83	34	8	16
21247	.	120	48	15	.	8
21253	102	114	72	25	3	12
21256	.	123	81	30	.	18
21269	.	118	26	9	.	8
21295	100	113	55	23	7	8
21300	104	116	74	27	7	19
