5217	81	32	10	13
10977	83	38	.	14
2150	25	12	.	2
20143	90	35	7	17
10708	78	27	9	16
19248	46	21	6	6
8543	52	18	5	7
16661	25	10	4	1
17291	71	29	.	14
8475	77	20	7	15
13101	70	33	8	13
16389	64	18	8	13
9886	10	1	9	0
7054	56	20	9	15
4700	92	31	6	18
897	71	25	9	13
13601	50	25	7	12
10719	89	24	7	15
16993	89	37	6	18
15272	72	29	7	9
19778	74	29	8	19
19610	23	11	9	0
517	27	12	6	.
9304	83	35	10	19
2315	31	17	8	7
12838	46	17	8	8
12988	91	36	11	15
7579	85	23	5	15
8170	58	28	9	12
11378	81	33	10	15
16583	76	21	9	13
6779	48	26	7	8
629	52	17	.	5
20092	64	19	3	14
3021	76	38	8	12
17396	33	23	8	8
19177	45	14	6	8
1260	84	31	10	15
6099	85	19	.	8
1933	59	18	4	13
7926	72	30	8	18
20004	88	39	3	16
5085	95	35	8	18
3948	75	25	6	18
19137	67	30	6	15
1578	34	12	7	6
5883	54	21	10	12
12426	79	22	5	14
18291	87	34	.	18
13655	86	34	8	15
959	52	26	9	7
13945	92	34	11	20
15856	55	23	6	14
16387	77	17	8	10
20510	67	23	8	11
11949	57	21	5	13
20593	88	20	5	18
549	78	22	4	19
12854	46	22	.	13
8312	92	37	6	19
17903	82	31	.	15
18228	86	30	.	17
13614	80	27	8	14
9551	44	15	4	8
7908	39	17	8	6
18950	86	26	6	15
2966	48	21	8	8
13621	29	11	6	3
12865	47	23	7	9
4984	41	9	.	7
8751	42	14	3	8
20970	31	16	8	5
6829	44	22	9	13
3525	41	15	6	8
21248	78	26	9	16
15243	89	23	.	14
8434	65	23	7	12
19854	41	15	6	8
18718	65	24	6	10
10323	54	22	6	13
20127	38	15	.	6
4152	78	32	8	17
9018	47	14	5	6
14610	86	24	8	17
13737	83	36	6	17
14438	85	32	6	17
3455	87	32	9	15
9858	58	30	7	10
17256	59	24	12	13
19103	74	21	7	16
20017	94	36	4	17
15420	22	11	.	4
8267	83	31	6	15
21255	53	21	.	10
7964	83	31	5	17
13453	80	29	9	17
16731	39	17	10	10
16023	49	24	4	10
17789	41	14	9	11
18864	69	24	8	8
19108	56	20	8	15
13339	29	6	6	5
826	85	20	4	18
3222	95	34	12	18
4035	80	26	13	12
13446	71	27	6	14
9738	99	41	.	19
6827	66	31	8	12
15729	81	24	6	18
14044	26	10	.	6
6426	77	25	8	10
14752	94	28	9	17
5123	55	19	7	11
1379	45	25	9	5
4852	16	4	7	2
7495	30	15	.	7
3367	86	29	7	15
4095	94	43	11	13
2444	90	32	10	17
19280	76	29	7	15
15772	70	26	.	13
5193	75	34	9	14
3608	93	33	11	16
11258	73	24	8	14
2102	77	26	7	15
19341	72	31	9	13
702	76	33	6	16
20418	51	22	.	12
12289	88	26	6	12
3906	63	23	8	16
19656	42	14	7	8
11623	52	19	8	10
1362	92	37	11	17
15029	56	18	6	12
17289	61	25	6	16
94	49	17	8	8
7852	82	27	7	13
5857	67	21	8	14
7166	93	41	10	19
16515	14	3	4	1
8181	67	20	.	15
15389	74	33	10	14
6064	78	25	5	13
16151	86	25	7	17
2068	85	39	12	15
21040	66	40	12	12
5316	88	29	7	17
114	97	39	11	18
19899	60	22	7	15
10533	43	13	7	5
17509	83	27	7	15
18450	16	4	5	4
6600	87	35	7	20
13417	35	18	6	7
21182	36	14	.	3
12319	86	37	10	17
2080	44	18	.	12
1715	70	30	10	17
1019	62	25	.	10
3129	58	24	8	10
71	66	24	11	20
5125	92	27	8	17
4228	81	35	10	15
13134	86	29	.	14
18248	62	29	8	16
15229	90	36	12	17
12317	50	21	6	12
7557	23	10	8	1
8618	40	14	.	8
6563	42	18	7	6
14348	69	29	8	11
1185	82	24	7	15
7252	32	15	10	5
10177	89	40	10	17
8748	79	29	7	13
7164	75	25	7	10
7592	89	33	8	16
9623	38	14	6	10
7012	34	16	7	7
18510	31	15	3	2
16299	76	30	9	16
1820	57	24	.	11
1564	46	20	5	12
12253	54	24	8	9
8116	84	34	8	16
3106	84	37	10	16
17652	45	23	6	10
18112	80	28	6	18
6845	30	16	.	6
19727	27	10	.	.
17834	89	40	.	17
9766	15	4	6	0
16814	83	30	8	18
15347	69	21	6	15
2007	69	29	7	11
17090	57	32	.	16
12137	82	23	9	19
12115	80	40	9	17
19032	89	32	7	18
10010	65	20	.	14
15268	82	36	7	19
5005	84	28	9	15
10959	88	33	8	15
18083	22	10	8	0
7214	28	10	7	10
15682	63	28	5	14
20482	62	19	.	15
15754	83	34	9	13
660	89	32	10	17
18942	74	29	8	13
11759	86	22	5	11
4341	56	17	6	9
8445	53	19	8	8
11339	43	20	6	9
21273	31	12	5	5
38	52	21	6	11
5547	85	32	9	18
4376	88	24	6	18
11374	58	28	4	13
13755	25	11	7	0
11705	89	30	.	16
1003	49	17	7	16
521	73	35	9	15
2415	80	22	12	16
8345	13	9	8	0
12238	76	32	8	19
15308	76	34	8	17
1560	94	28	7	8
17337	96	31	8	19
7022	57	15	6	13
3712	48	24	9	5
2738	44	22	.	10
9131	77	25	9	15
8627	64	28	6	8
18299	85	34	9	15
15074	94	35	6	18
19472	67	28	6	14
804	67	27	3	12
19812	90	28	6	18
11365	83	25	7	14
2318	38	19	6	12
19309	77	25	.	10
761	78	27	6	17
4861	97	40	7	17
6133	82	25	2	15
2286	96	39	8	17
4067	61	22	6	14
12595	83	32	7	16
17682	51	23	7	10
17577	85	41	11	18
11886	99	35	6	17
18473	53	20	7	14
15873	66	15	5	17
15876	97	37	10	18
9168	53	21	5	10
20560	44	15	.	7
1039	67	33	6	19
11534	43	19	5	9
11450	83	29	10	16
2039	94	39	.	17
6393	73	30	8	7
5639	47	21	10	12
7047	71	30	9	14
4080	64	18	6	12
3664	40	17	6	6
8632	70	26	8	13
7279	62	25	.	15
4258	81	30	6	13
10184	74	31	12	14
7713	56	24	7	11
13025	74	32	10	12
4030	75	23	.	11
713	75	26	7	17
17589	73	28	8	19
18178	44	16	.	13
19901	38	14	9	3
13643	96	24	7	17
9806	43	19	4	2
18991	40	17	.	9
8129	32	15	5	10
1590	77	25	.	19
10508	38	17	9	5
1017	80	37	7	16
3945	94	32	8	14
10695	41	18	9	8
9386	81	35	9	17
73	43	15	.	6
5672	90	34	9	18
6493	71	28	10	16
1437	87	26	7	17
2514	48	18	7	5
10249	30	10	4	6
18706	71	24	.	12
781	41	18	.	9
7099	65	31	8	18
9324	88	23	9	20
6015	85	30	6	12
16047	76	31	9	17
14707	9	4	.	0
8658	63	28	9	15
2301	11	4	.	0
3748	91	26	7	19
14960	87	33	8	15
20095	90	31	.	17
9632	94	43	10	19
11501	97	29	7	15
15925	25	12	.	1
5607	23	12	6	8
11770	97	34	10	17
13875	61	30	5	10
13702	82	31	9	16
15181	68	39	9	12
16327	42	17	9	9
19142	73	21	8	15
13382	41	16	8	4
9371	46	20	7	10
542	95	34	8	18
7148	87	37	11	18
12064	59	23	6	14
6984	63	31	9	12
996	97	32	11	18
1490	68	34	6	15
21283	69	24	8	15
14774	47	17	4	14
17142	92	32	8	16
3067	74	29	7	12
15195	79	24	4	9
14702	92	35	12	18
19926	84	30	8	13
5708	65	28	3	13
19833	58	21	7	12
7518	71	37	7	17
14989	71	26	.	13
8621	90	20	7	18
11836	88	32	9	17
11288	37	19	7	6
12557	73	27	.	13
8237	82	33	11	17
3786	94	37	8	19
4343	47	19	4	9
31	52	26	6	6
851	89	36	9	18
11518	82	26	6	16
10840	75	34	9	16
10060	80	37	10	17
19402	46	23	10	5
21141	86	39	11	16
16349	79	29	6	17
13120	78	26	10	12
15940	72	28	9	11
14579	67	29	10	14
1117	89	32	6	14
3554	93	34	8	19
10120	72	28	6	16
12457	85	28	7	19
15758	76	26	8	18
3485	80	29	9	16
21084	67	22	6	11
11190	83	27	5	19
19052	77	32	10	16
15871	39	17	3	7
7403	59	19	7	9
3336	68	32	6	16
8607	84	31	8	15
14416	60	22	7	14
2233	90	32	9	18
8614	80	25	7	16
11232	82	33	9	15
17226	92	23	.	19
15558	64	19	7	14
5437	33	15	6	2
4675	91	29	8	15
9489	36	20	10	6
16040	37	15	5	4
5327	53	21	9	8
20283	52	24	.	13
16798	93	27	7	18
5684	46	18	7	11
16090	46	19	.	8
13251	92	30	.	18
18955	96	29	12	18
7287	83	32	11	18
9868	93	35	7	17
12597	93	32	9	14
5471	53	21	.	11
10960	57	20	8	6
20606	82	38	9	17
4788	66	26	4	13
21219	80	26	.	16
7728	85	37	10	16
17224	97	38	10	18
16976	73	21	.	18
4767	74	30	9	17
12801	85	27	11	18
13188	63	19	10	12
1762	47	19	10	8
4884	55	19	6	11
15478	37	14	.	7
14501	72	33	9	9
5052	38	8	6	4
9247	50	24	6	9
17023	69	26	.	16
224	22	11	8	6
4561	51	14	5	12
11205	63	29	9	11
20264	59	29	11	10
13146	93	39	8	15
18717	49	25	.	11
15298	55	31	10	13
3862	49	24	9	13
11108	68	29	6	12
14652	49	16	7	11
17243	84	22	.	19
17985	96	35	9	17
18340	83	24	9	19
11768	94	38	9	18
18884	43	19	.	7
15467	53	26	.	9
12294	41	15	8	8
1234	61	22	8	9
6581	48	13	5	14
12485	85	26	8	20
16908	30	11	6	3
17510	21	9	4	1
1693	68	25	.	16
19885	56	22	10	14
18550	46	18	.	16
6961	34	15	6	8
2380	65	28	4	11
2950	49	25	.	13
2451	70	27	5	13
5618	87	28	.	17
1355	87	32	8	19
5833	27	11	.	5
11839	87	31	8	16
4963	52	23	9	14
2157	13	10	7	2
19000	71	23	9	15
17459	55	21	7	11
6033	96	33	8	20
5937	77	20	10	13
20208	76	30	8	14
12867	58	23	.	11
20790	73	27	6	15
4935	40	14	6	7
17263	50	26	7	15
1506	63	23	9	17
19198	80	35	6	16
13162	88	33	9	15
2869	72	33	9	14
5258	73	28	8	14
21115	94	35	.	20
10769	60	23	7	11
15751	50	19	9	11
19284	35	16	4	4
15163	83	36	10	20
16168	21	9	.	0
15970	74	27	9	15
8629	85	27	7	18
12400	70	27	9	14
10672	51	18	.	8
9979	34	12	6	5
3470	94	25	7	17
15910	89	38	7	16
11920	93	34	10	18
14936	37	15	.	9
18502	14	4	6	0
496	32	4	.	.
9936	70	23	6	19
3243	71	28	9	12
20177	81	26	9	17
3505	51	23	5	8
6738	87	34	.	15
4256	66	32	5	12
7869	63	18	8	14
20978	89	31	10	18
15119	92	37	8	17
8139	94	27	8	19
20473	52	15	8	14
18755	38	13	7	8
17360	13	4	5	0
12588	93	28	8	16
21086	92	25	8	13
19978	86	26	10	18
11553	72	29	9	15
2884	81	34	6	15
17809	66	36	12	11
1163	52	21	7	14
8142	80	29	8	9
13952	49	23	9	12
818	88	30	.	15
479	90	31	9	17
5124	73	28	10	14
16400	78	30	.	12
8306	50	27	6	12
20300	85	29	7	16
2712	52	20	8	10
9988	69	27	4	14
5478	49	15	6	12
4132	91	36	10	19
13605	39	16	3	7
8240	90	37	6	14
5773	38	14	3	5
8516	94	34	10	18
1407	40	16	9	12
19562	51	21	7	11
14433	59	31	8	15
1065	39	19	.	5
10567	1	0	6	0
10283	55	30	6	10
18976	63	22	7	14
6749	37	12	6	4
677	36	15	4	7
20367	76	29	10	12
2154	89	40	10	17
7122	83	23	7	16
8711	54	25	9	12
5439	96	37	10	17
15607	94	36	11	16
15486	27	12	7	3
16220	66	25	8	13
20123	75	18	.	16
17565	40	16	.	8
6128	86	38	11	16
15879	32	13	6	3
19849	90	34	9	16
13458	85	33	6	15
1174	54	24	8	12
10036	68	20	8	17
20304	85	24	9	14
16861	78	35	11	17
8592	89	30	5	13
6853	39	14	.	6
20610	96	34	13	15
327	81	30	.	13
4047	79	23	7	.
10192	42	15	7	4
11160	50	17	.	6
4940	73	30	9	11
20864	38	12	.	10
6510	56	23	6	12
9063	78	29	7	17
18982	92	26	5	17
4865	83	32	7	16
11586	16	4	5	.
11316	28	11	7	3
6067	86	32	.	15
5027	16	2	.	0
3859	59	23	6	11
20749	13	4	.	.
1110	83	34	6	17
14376	78	30	6	16
4237	23	10	.	3
12776	60	27	6	15
15483	41	15	7	8
14178	82	35	9	12
3498	90	31	7	18
13190	61	29	.	13
6031	75	27	.	16
5201	80	26	7	17
4432	96	28	7	17
19364	88	31	3	18
3721	51	22	9	14
18074	56	20	7	13
21220	43	16	6	13
8916	42	27	5	9
8077	92	35	.	16
15647	87	34	.	15
10728	59	22	9	11
18744	52	25	8	11
12488	73	30	9	17
361	86	38	8	15
8173	47	25	.	11
10150	16	4	8	1
6022	41	17	6	7
2340	45	10	.	12
2259	67	35	8	14
4418	45	19	6	10
15516	63	21	6	11
4630	87	26	8	17
6784	61	24	5	15
1090	90	30	5	17
6670	66	22	6	14
12459	83	36	12	17
17951	60	23	9	15
9956	32	15	.	5
1548	91	36	8	16
2166	84	24	7	17
16791	39	22	.	8
4159	97	31	8	19
16064	56	15	.	8
20034	50	20	10	12
2228	93	38	12	17
18197	82	24	7	16
1293	78	19	5	19
20287	89	26	.	16
6411	71	28	7	17
7916	77	30	9	10
15765	70	27	7	15
14275	78	29	8	16
49	73	25	9	15
10909	83	23	8	15
2608	44	22	7	9
9541	79	40	.	10
17008	90	23	5	10
489	62	23	9	14
12234	99	37	9	20
5150	75	31	8	11
8117	94	33	8	17
719	58	20	10	6
12554	64	15	7	18
20529	42	17	8	6
13332	85	31	11	18
231	0	3	.	0
1721	80	25	8	13
13597	88	36	11	15
3136	84	28	6	12
15668	85	23	8	14
3768	80	38	7	14
14382	34	22	7	11
17802	34	15	7	4
4128	94	34	8	14
18968	38	18	8	7
1138	50	20	6	12
4169	41	16	7	6
5457	79	26	6	14
1060	61	30	.	13
5942	87	25	10	16
6653	39	19	.	6
16679	72	33	10	10
11810	50	22	7	8
4791	51	15	8	11
14754	82	27	7	12
2842	48	22	8	10
13904	74	36	8	15
10053	95	35	9	17
20499	37	16	.	3
6991	65	28	4	12
5355	52	24	8	15
4414	79	24	7	14
6939	53	22	8	9
14526	83	31	9	16
14182	59	23	8	14
1150	86	37	.	20
19033	21	9	6	1
20359	50	18	6	14
13086	71	28	7	15
7640	94	29	6	17
3600	40	19	10	8
668	43	19	9	9
1855	55	24	7	12
7784	73	29	10	15
1438	68	27	.	10
5096	54	27	7	12
6943	53	25	6	10
3211	7	1	4	0
8400	88	34	4	17
10783	11	5	.	0
6714	96	29	.	14
13672	53	15	7	17
15140	74	28	7	14
3045	73	35	8	13
15266	45	14	7	14
8552	58	21	6	11
19017	96	40	9	19
146	66	17	.	12
11942	86	30	10	14
12670	75	15	7	18
10853	77	30	8	16
20856	69	23	6	12
12887	79	33	.	15
14955	40	17	9	5
18214	44	24	8	11
17410	42	21	.	7
20648	68	27	.	12
5941	38	18	8	12
20385	81	24	7	16
3438	14	1	.	0
15973	56	21	8	5
12011	78	20	7	12
17939	93	36	6	18
13078	77	26	6	14
4824	29	12	7	2
21008	94	37	11	12
17032	51	24	7	10
16970	86	29	5	20
10935	35	18	6	11
18835	43	18	.	7
14431	71	21	4	13
2095	20	11	.	1
20661	38	15	3	4
6378	86	31	11	18
16210	93	35	9	17
4790	71	23	.	15
19925	67	30	7	16
11822	92	41	.	19
4821	91	28	9	15
12522	91	26	.	13
11932	44	25	10	4
19490	45	23	7	4
9741	59	14	.	11
2432	84	24	6	19
8529	38	13	6	4
19473	62	18	6	14
21149	54	6	3	8
14138	81	27	6	17
18805	95	29	8	19
20892	47	17	.	7
3181	80	29	7	16
4808	75	33	.	18
10610	87	26	9	16
16230	28	15	5	3
13356	89	38	9	16
11685	79	18	.	16
18775	38	17	5	7
14724	83	26	7	16
12409	21	10	3	0
12355	55	23	8	12
8179	60	20	6	6
10325	56	27	7	13
9490	86	31	8	18
4628	91	37	9	18
6415	61	19	5	17
1029	75	35	9	15
18287	95	30	6	17
8835	65	24	4	14
3745	73	21	9	19
13559	55	19	.	13
6115	93	31	10	15
17632	54	28	8	14
9002	71	31	7	18
20007	12	4	6	0
13774	86	36	8	14
756	46	19	.	8
11514	80	33	7	10
19286	89	27	9	15
15455	80	34	8	14
16334	61	20	8	10
4995	80	32	6	16
19547	48	19	9	7
9275	44	15	.	8
1016	79	32	6	9
20696	52	20	9	10
20131	85	28	6	17
14945	63	13	6	13
543	58	23	.	11
10815	55	15	8	6
21194	38	18	11	6
19782	24	11	3	0
15185	67	24	7	11
501	90	24	7	17
687	79	25	5	16
15725	64	28	10	9
16134	54	20	8	11
13271	80	26	7	18
17423	20	6	.	0
20638	59	21	.	13
1193	77	40	.	12
11207	93	34	7	12
7597	28	10	10	5
19837	21	10	8	2
4615	40	13	.	7
8537	84	28	7	13
14764	69	33	8	18
16785	88	27	7	15
7845	51	26	8	7
17255	90	18	7	14
11821	95	42	7	20
8514	71	36	9	14
693	90	32	4	18
17453	94	29	9	.
8388	59	19	6	14
1841	83	34	9	10
14363	70	29	8	11
9890	71	25	7	15
20601	89	25	6	20
7526	90	32	.	14
20953	90	32	6	.
20309	80	33	7	11
13029	79	33	12	14
20507	55	31	8	15
19083	59	22	7	12
7443	53	27	7	6
14591	64	33	9	19
11769	55	24	8	13
2214	86	44	12	18
17187	45	17	8	6
12074	87	21	9	17
18186	99	38	8	18
3451	90	38	9	11
10993	97	32	10	17
16820	51	22	9	7
2213	50	19	4	9
13391	52	15	6	14
2649	83	34	10	14
16013	77	30	11	12
14166	8	4	8	0
9730	90	34	.	18
2486	75	30	7	17
14176	93	34	8	19
10162	49	21	5	12
13352	96	31	8	19
21005	75	30	9	15
14098	23	9	.	3
10395	84	27	9	13
19889	60	28	9	13
10985	94	41	7	18
6212	41	13	6	10
11980	67	25	6	16
12615	34	17	4	9
4403	64	24	4	12
7387	94	33	8	19
1140	86	32	10	15
10172	50	19	7	8
5893	54	19	6	13
9511	38	15	.	6
20033	23	9	8	2
20105	47	16	10	8
15285	60	32	6	12
1943	90	30	8	16
20730	66	28	6	8
3827	40	18	9	2
17328	54	20	6	15
20006	79	36	8	16
13180	77	18	7	12
50	75	35	9	10
7576	94	31	8	19
833	71	29	7	13
20269	65	25	8	12
11706	86	29	8	19
11509	58	26	8	12
6286	71	22	5	18
3200	22	10	6	1
20649	71	34	8	17
15080	55	23	8	14
4346	65	32	10	12
14734	36	15	4	6
3472	74	36	.	14
7658	88	29	7	11
16066	76	29	7	18
10256	35	17	9	6
9484	37	16	8	3
3646	77	27	9	15
298	29	9	4	4
13746	87	30	10	20
18986	90	28	6	19
1487	53	17	6	8
13104	61	22	.	14
8174	70	23	7	16
19564	50	19	8	8
1007	56	23	7	15
17332	76	18	8	18
13778	54	21	6	6
13719	76	34	7	7
984	83	25	.	14
16563	73	26	5	13
5114	54	29	6	14
14343	36	13	.	5
18508	76	18	9	17
15390	58	16	7	16
8754	67	22	6	14
570	77	26	6	17
15948	95	28	9	19
12170	76	24	9	15
16417	31	17	.	4
20041	41	14	11	5
6446	88	24	6	17
21120	26	11	9	7
7251	36	19	8	6
14820	76	24	5	19
7552	56	15	6	15
3430	72	27	7	18
8849	85	35	9	15
257	85	31	7	16
9540	63	30	9	19
12693	73	29	5	13
3626	70	23	8	15
2611	57	25	8	13
8892	60	17	7	15
11451	89	35	7	19
4459	41	16	4	9
11563	54	20	7	6
16360	18	10	8	0
18576	67	31	12	17
17757	88	38	10	18
1849	80	28	8	18
6046	93	33	7	17
14035	71	21	.	12
6545	45	23	8	11
2497	33	17	7	7
4045	90	36	10	19
1740	66	32	9	10
8533	50	21	.	9
14432	70	24	8	17
5137	59	29	10	11
5882	57	21	10	15
4860	67	27	7	11
20657	48	19	6	14
20972	97	33	12	18
8873	83	34	8	19
8196	66	15	4	10
17963	55	23	11	9
3047	86	25	7	17
18760	91	38	12	16
13377	50	17	7	11
6554	96	35	9	19
6769	16	4	4	12
6548	88	38	.	17
12847	60	28	10	9
7371	57	17	6	11
20170	91	42	9	16
15515	55	24	9	11
13610	71	24	5	13
15066	70	31	.	13
17857	16	4	6	0
1040	73	22	9	16
13956	26	11	8	4
2347	66	30	6	15
323	78	31	10	15
7506	42	23	7	12
12167	30	15	6	2
18519	45	20	.	8
166	3	9	7	2
17042	53	22	6	13
16678	36	19	4	6
12829	80	33	8	15
18152	93	31	7	15
18657	83	26	5	17
9521	54	18	.	9
6309	37	20	4	9
14590	90	32	10	18
2351	57	26	7	12
4762	81	28	8	9
2668	68	19	5	5
2132	74	25	3	18
6151	52	18	5	12
1923	54	20	.	14
20878	76	24	5	14
12511	91	23	6	18
1630	45	16	6	12
19151	97	33	9	18
17501	93	34	.	17
17245	89	29	7	15
14556	40	15	6	13
1869	95	31	.	12
7107	48	20	.	9
2336	59	19	4	17
3569	64	23	.	9
10319	32	14	6	11
3377	42	20	5	5
19870	81	16	6	13
4571	70	19	6	14
6771	17	9	9	2
9079	78	22	7	16
18337	78	34	7	11
20401	36	16	4	5
14015	67	25	8	14
14900	41	18	7	9
5014	29	13	5	4
11520	74	14	.	14
5660	32	9	.	0
3515	79	29	7	16
13058	56	21	8	9
12192	88	30	9	17
10631	84	35	8	17
14025	50	14	.	13
9059	36	14	5	11
7905	33	18	6	3
11351	91	37	10	17
13717	14	4	10	2
20416	63	18	.	18
11763	65	28	7	13
1263	62	18	6	13
8330	80	27	9	16
12791	53	24	6	12
4069	47	17	.	6
10804	68	26	9	12
18894	46	23	9	13
10650	66	29	7	11
17161	80	33	7	12
15701	58	26	.	16
11197	62	33	9	13
8612	43	19	7	7
9601	75	25	7	16
6143	24	10	6	5
9263	74	32	7	16
9084	52	16	4	10
4194	93	29	7	19
243	69	27	8	9
11388	35	10	6	8
3478	72	25	8	10
1327	55	22	6	14
15719	89	27	8	15
575	96	31	10	20
19560	90	28	3	17
9835	96	39	8	19
11631	64	25	7	17
17450	60	23	7	12
7646	23	10	8	3
12816	60	15	.	9
20501	50	18	8	12
1898	56	14	7	11
18800	46	15	.	8
1473	75	32	10	12
2626	92	35	15	12
14505	73	27	7	13
14849	77	23	4	14
7138	95	39	10	18
8803	89	33	8	13
7131	93	27	9	14
14018	66	20	6	15
1392	97	36	.	19
2650	74	28	.	10
7197	49	20	6	8
12364	65	25	7	10
14236	95	39	9	20
9953	44	17	7	3
20799	55	20	3	11
18758	95	27	4	16
17478	56	21	.	14
3574	81	29	10	14
13447	52	18	6	9
2943	43	20	7	16
17203	84	22	7	18
13093	57	26	7	13
2856	73	22	6	13
21012	76	29	11	14
6248	50	23	11	10
20746	50	21	6	8
7630	26	7	7	3
5071	59	20	8	15
12917	19	12	2	1
9463	70	25	5	15
131	77	29	7	15
5625	70	28	4	16
7710	65	23	9	14
5858	94	37	7	18
20486	48	16	7	8
1092	33	18	7	5
6144	86	25	8	19
3132	63	19	4	10
18051	99	39	12	17
17917	80	30	8	13
12961	62	24	9	9
5161	89	32	8	14
14201	81	21	8	13
20580	87	28	6	14
8933	88	35	6	20
15469	67	36	9	9
11440	62	29	9	15
4682	49	16	.	13
8275	74	31	8	17
9051	82	26	5	17
531	46	15	6	12
19445	58	27	8	9
3914	47	25	8	8
12726	80	35	10	15
9776	57	25	8	10
2373	40	19	5	11
17194	64	24	5	14
4567	57	18	4	10
9859	71	28	7	15
13045	54	20	8	13
18107	58	19	4	12
11673	96	42	11	19
13810	85	30	9	15
6559	96	38	.	17
13587	76	30	9	12
1386	76	18	6	13
13157	78	32	6	14
2000	85	28	7	16
11185	92	36	12	14
14402	86	40	9	19
1647	44	18	7	2
4318	16	4	4	0
17642	37	14	7	5
13296	41	13	8	11
18888	82	19	7	10
9559	96	42	10	19
18485	70	32	8	14
20767	82	35	11	17
7735	47	28	7	13
7396	66	21	6	13
8456	47	19	5	6
9317	56	25	11	13
12937	58	23	7	8
12244	73	23	6	9
4541	23	7	7	6
10525	80	22	5	17
9346	94	36	8	18
10972	57	13	4	16
9915	77	29	.	15
18097	81	30	.	17
12552	66	22	5	14
13068	96	29	.	19
17777	99	35	.	16
7486	73	24	4	17
19759	95	31	8	19
12581	70	30	6	14
16328	42	18	9	4
16696	84	28	10	17
8887	48	23	10	10
5534	60	26	.	9
21261	83	33	7	18
7005	95	36	8	19
14674	86	26	8	17
10907	87	41	9	18
8310	85	30	10	17
6978	47	18	5	10
11106	16	9	8	1
13977	98	42	10	19
7383	42	17	.	4
17344	39	16	.	4
14911	88	21	7	15
5148	90	36	7	15
12325	45	21	7	16
20623	44	17	8	6
4323	40	17	6	6
6479	53	22	6	7
19241	88	29	8	18
11147	42	14	6	12
607	89	28	7	18
16277	78	29	9	13
14800	56	16	8	15
8850	73	28	5	16
6812	79	34	7	14
14414	90	30	7	18
778	18	12	9	3
347	58	23	6	11
4398	71	26	.	12
12974	85	28	.	18
276	84	26	.	18
15292	38	17	.	4
7790	65	30	5	19
17124	94	42	9	18
14419	82	30	10	15
11064	51	24	9	15
21294	37	16	7	2
17534	72	30	8	14
15430	94	40	7	18
4252	60	24	.	12
5272	55	29	12	13
18937	92	34	8	19
19394	79	35	11	9
9351	57	24	7	10
4637	65	30	10	11
7095	40	14	7	4
19258	66	26	.	15
11543	15	8	4	3
1701	76	25	4	16
19296	81	21	3	13
19887	89	31	5	17
15046	81	39	13	16
3161	81	32	2	16
12977	43	18	6	6
10450	78	25	9	19
18104	58	26	7	12
16447	55	22	.	12
1022	67	22	7	17
21035	89	32	8	19
16503	80	28	6	14
3282	95	40	11	17
11368	51	17	7	7
16706	65	25	.	13
4998	51	25	9	16
11961	65	25	7	14
10143	57	20	7	17
11647	93	32	8	16
4404	79	27	8	18
15391	88	31	6	15
242	83	37	9	16
15551	73	31	8	13
4547	78	38	8	14
20312	58	21	7	9
15881	60	15	7	12
21125	94	35	9	19
12078	48	21	8	7
18383	73	25	8	19
5981	82	31	7	15
19988	91	26	9	18
17719	50	20	6	10
12422	95	34	8	19
19835	86	32	8	18
18783	70	25	6	14
7026	93	38	13	17
8213	67	21	6	16
8352	79	24	7	15
18219	76	23	7	16
18420	52	13	.	8
16480	68	27	.	15
2727	89	23	.	19
19230	74	30	7	9
16216	83	23	7	14
17091	97	36	7	18
9684	89	28	11	18
735	81	32	7	15
9335	67	24	6	17
18552	59	23	.	13
4758	29	15	9	6
2981	69	24	8	11
7974	80	22	7	8
17449	92	31	11	17
5395	75	26	.	16
10170	77	20	8	15
3598	53	23	.	12
6861	82	38	9	18
4017	60	18	5	13
11392	48	19	7	10
16783	52	22	9	6
8551	38	15	6	11
1574	55	36	7	13
14445	52	22	8	5
15784	79	25	7	17
17549	97	36	11	18
8341	51	22	.	7
11082	94	30	9	15
15702	43	16	.	7
7225	83	36	8	15
3977	62	29	7	11
9426	88	22	7	17
2187	89	32	7	13
7938	64	16	8	16
7782	85	30	10	19
33	89	38	5	12
16179	79	24	8	13
7537	38	16	8	7
15530	85	30	11	14
18007	47	21	6	10
18726	50	18	5	7
18392	82	28	4	18
10424	84	32	8	18
799	35	18	8	4
18879	40	16	.	4
5314	86	22	9	17
10193	11	2	.	0
5571	80	25	9	7
19393	63	18	6	9
12734	85	30	7	15
888	89	40	9	19
3120	80	24	6	17
16576	61	37	.	15
11289	92	31	7	20
9264	62	26	7	13
10388	47	22	8	9
17818	85	34	9	16
14713	91	34	6	15
8944	68	24	8	15
16312	41	16	.	9
11714	85	33	8	13
12837	59	25	8	7
4013	90	30	.	18
3833	67	22	5	14
11010	61	24	5	12
15877	69	26	6	14
14113	41	15	4	7
7508	99	38	8	18
11951	65	23	6	12
228	11	3	6	0
15651	60	27	6	11
7499	27	12	5	3
15454	63	24	5	9
16362	45	24	10	10
20920	87	31	11	14
9814	89	32	8	15
20724	87	26	7	16
5267	62	20	5	13
20116	88	33	10	18
1772	61	25	7	15
20014	73	34	8	18
14214	83	36	9	14
1485	51	18	9	4
6926	58	22	8	11
15007	34	13	.	8
13431	86	34	7	18
3683	58	16	5	12
906	82	35	6	16
2047	22	11	.	2
14313	84	32	.	14
1559	76	39	13	13
16140	81	40	9	12
5369	40	14	5	6
14406	83	31	5	15
8160	79	29	11	17
19081	35	18	9	8
18689	56	23	7	13
16761	92	32	9	19
11521	89	23	6	15
14223	74	24	7	13
13113	93	36	6	19
8921	67	24	5	17
1502	79	37	9	16
13463	78	33	5	19
17536	81	31	7	15
313	70	18	.	11
9560	71	30	9	14
16802	85	24	8	13
17871	62	20	8	11
1787	82	36	.	13
2676	76	19	4	14
7744	59	30	4	12
11715	88	33	6	16
14071	90	36	9	19
8603	75	31	10	17
4290	91	28	8	19
8226	28	10	5	4
3077	86	33	7	16
19604	84	31	10	19
5004	52	19	.	7
9075	91	35	.	19
19131	71	22	6	14
15795	53	17	6	12
19173	22	10	6	0
13579	51	20	8	10
4321	60	23	9	12
18653	86	30	9	14
13749	52	22	7	15
1697	70	26	8	15
16985	91	28	6	15
5651	78	36	10	15
19369	67	28	6	13
3509	68	25	5	18
4690	50	23	7	9
6400	72	27	8	15
17061	32	14	.	1
6272	74	29	7	13
9584	62	37	8	11
19834	35	10	8	1
4135	79	23	7	15
585	67	22	.	13
15601	31	17	4	4
19561	61	30	7	8
10312	77	26	6	14
11846	51	16	.	13
671	75	25	9	17
2754	56	25	7	13
11455	60	25	10	15
2298	82	31	8	17
19908	97	37	.	20
294	79	23	5	16
4270	72	25	5	19
16100	91	37	8	20
21022	32	11	.	7
18570	91	32	12	18
2946	93	40	10	18
8442	49	20	7	8
5103	88	31	8	20
590	13	3	.	.
3340	97	39	7	20
18905	53	22	7	6
8558	70	23	8	16
11337	60	23	8	9
17366	84	31	.	16
12176	40	16	8	7
5610	33	15	.	6
12069	81	28	.	13
3296	56	21	.	14
14621	79	29	7	15
18682	35	12	.	8
18393	85	32	9	18
4527	78	29	9	14
9355	72	33	8	10
13593	43	20	7	2
8790	8	8	7	3
6952	91	33	7	19
11892	81	24	7	16
17189	96	32	5	18
18286	90	26	.	14
19453	72	26	8	13
1751	65	20	6	13
13308	45	19	8	15
4231	75	28	9	13
14876	25	12	8	5
13600	42	19	7	10
16915	74	29	.	16
16676	38	13	7	6
6754	65	26	8	17
18554	64	13	6	12
2659	71	32	9	11
6245	95	35	6	18
12094	63	24	9	17
16850	92	40	8	17
3252	27	13	7	4
6609	82	30	8	14
8866	83	23	3	15
19633	91	35	7	18
13661	64	28	.	13
7737	89	32	.	15
17414	53	21	8	10
16352	54	23	10	10
10347	49	22	6	11
16008	71	32	10	12
1315	9	4	.	0
12753	77	30	8	16
855	73	28	7	16
16074	91	40	11	16
13071	66	30	.	12
12923	53	21	8	10
797	30	9	6	7
16685	82	40	10	13
14220	79	38	10	14
160	64	24	10	12
3099	83	38	9	16
15333	99	41	6	18
4394	78	30	4	18
2678	92	30	10	18
6168	71	24	7	14
16704	81	29	7	12
2965	39	20	7	4
12817	32	13	3	7
1354	42	18	10	5
10614	89	25	9	20
16481	27	10	5	1
16621	37	13	9	8
5900	74	25	.	15
1903	33	14	8	3
14755	87	29	.	17
20669	83	28	7	15
11574	54	24	9	15
16968	38	16	7	10
1288	57	23	.	14
16759	48	24	9	11
15484	67	22	10	13
2688	63	26	6	18
5174	58	40	10	15
18427	89	30	7	17
20247	54	22	10	15
6849	73	25	9	16
11244	89	36	10	19
8082	87	30	9	16
20851	92	20	9	19
15987	89	33	7	17
14790	49	15	7	17
1719	44	19	11	11
13577	61	28	7	18
20512	87	25	7	18
13063	85	32	9	19
1425	62	17	7	13
5072	75	35	.	15
15807	67	28	8	13
19035	46	18	7	6
12142	89	21	9	18
14266	66	24	6	13
5485	34	16	.	3
8707	99	36	10	19
11697	30	11	8	7
15968	51	13	.	7
12246	81	28	8	17
20306	58	15	9	15
16811	91	33	8	13
7515	51	25	11	13
8106	92	40	11	17
4841	58	24	6	12
20423	75	31	7	15
7856	66	18	8	15
7261	67	22	8	11
20452	50	14	7	4
9348	33	15	7	7
6799	44	20	8	6
19946	76	28	7	16
6138	75	31	7	14
7669	68	25	7	15
15413	43	19	6	10
11736	92	32	7	18
663	54	25	8	14
17515	67	20	.	13
12618	63	30	6	10
8929	81	29	6	13
4632	57	20	2	13
11765	93	38	7	20
4636	93	32	9	15
15428	52	18	6	7
8973	59	18	.	17
9136	59	37	7	16
6881	67	26	6	12
10590	78	23	5	14
7859	56	22	8	7
5652	66	19	5	15
2513	45	15	.	7
3849	56	23	8	10
7018	40	19	8	4
4142	94	32	9	17
16877	78	33	7	14
6715	64	24	5	13
5244	48	21	7	15
9640	66	18	6	15
6796	40	19	8	10
5682	65	32	.	11
3032	64	28	8	13
1657	78	22	8	18
4071	61	23	8	18
10244	62	23	.	12
20233	38	17	9	10
19424	36	18	.	5
16308	88	37	10	16
1554	21	10	7	3
10965	63	28	6	9
3273	35	16	.	4
2073	93	30	9	16
6862	87	18	5	16
528	73	33	11	11
10856	68	31	.	16
19483	63	25	.	11
3885	83	33	7	17
20112	38	16	.	7
8907	72	32	8	15
7520	77	33	4	16
13069	28	14	8	5
3611	76	29	.	16
18118	70	20	5	14
12771	46	24	10	9
736	58	26	10	11
9721	90	36	.	16
10441	92	27	7	18
14987	49	26	7	14
1517	94	38	12	19
19801	83	34	8	16
9083	86	31	6	18
3547	93	29	11	20
3072	72	27	.	12
8923	87	23	12	18
13835	96	32	10	18
20346	31	16	7	4
2935	99	27	9	18
14424	32	13	.	2
15161	89	25	8	15
7000	55	14	6	4
6403	94	30	7	19
8518	83	37	10	16
12995	62	21	8	8
9519	80	26	5	14
19207	59	23	6	10
20993	51	21	7	13
12951	40	23	8	6
3756	43	14	6	8
5277	86	27	7	18
416	31	16	10	4
19339	90	32	5	19
16634	92	30	9	18
1289	56	24	.	10
12439	76	23	6	15
12780	84	29	9	17
15938	85	30	5	19
15585	59	23	6	9
13119	52	16	.	7
20467	72	24	6	17
2453	94	39	13	18
9790	47	26	9	5
1950	94	31	.	19
5727	66	31	10	14
3538	69	32	6	16
17202	84	27	6	18
6447	54	23	7	17
10743	83	35	.	15
13894	55	26	11	16
14122	67	32	6	9
7618	38	15	8	3
1200	81	30	.	18
9434	76	27	5	16
6690	70	19	6	13
16716	55	21	7	9
18622	38	14	5	8
19773	86	25	7	15
9130	49	26	8	11
1500	83	39	.	12
15618	76	28	.	12
18023	71	20	6	13
12684	94	39	8	17
11786	81	32	6	14
20254	39	9	7	7
130	56	21	9	9
9012	36	11	8	7
16346	85	32	7	14
11653	57	21	7	11
20239	86	32	8	12
5218	100	38	10	20
19075	93	35	.	16
5260	89	35	8	19
10754	70	20	5	17
8746	43	13	6	8
1821	78	30	8	12
19836	69	17	2	11
12839	90	33	8	15
13693	85	27	9	13
10038	75	29	7	16
6982	50	23	7	6
19212	89	28	6	20
18676	81	32	9	15
17305	60	28	7	10
11505	89	38	11	18
14561	89	27	.	20
7073	83	27	.	19
8769	36	18	6	4
12591	65	32	6	12
1195	80	27	8	13
11727	82	29	6	7
17107	57	27	8	15
7569	75	30	7	11
12465	62	22	8	14
18372	83	19	10	15
12233	77	20	9	11
20624	76	32	9	12
14264	50	23	7	9
2816	39	17	11	11
11076	90	27	7	18
3171	88	37	8	18
13290	38	18	.	7
17602	84	37	8	15
15854	76	30	8	11
6109	99	36	11	17
1177	0	0	3	0
16268	82	37	.	16
13620	47	14	8	13
4138	67	22	7	18
5632	52	23	10	14
16618	63	16	7	13
2990	46	18	6	8
5697	69	30	11	17
17552	89	26	.	20
11923	61	29	10	10
10569	56	30	8	15
19873	46	20	.	10
8815	56	19	6	9
5524	71	28	.	13
11947	70	26	7	15
14205	59	22	3	10
6289	71	39	7	15
15353	77	29	9	16
12322	75	32	10	14
15348	30	15	6	3
17643	58	24	2	12
9047	81	28	8	16
9468	81	36	9	18
4108	61	29	9	14
3197	85	35	8	13
12013	47	18	7	9
3303	50	23	8	9
12531	38	16	6	11
1727	54	21	8	15
13256	81	21	8	17
20704	85	24	7	15
998	29	13	9	3
12416	71	23	6	13
20883	48	15	.	12
14639	12	2	5	0
3188	66	25	7	12
13421	63	27	3	10
3442	48	24	7	10
1466	43	18	7	8
10814	65	30	8	12
8459	88	41	9	14
14099	88	30	11	16
346	86	34	8	14
7982	60	24	6	13
10724	78	25	.	13
14450	87	29	5	14
18878	85	30	7	17
5017	16	4	6	2
18898	71	30	9	11
5891	53	24	10	6
2657	67	33	.	12
4866	93	36	8	19
15872	62	28	.	11
5628	45	15	.	11
17914	45	18	8	13
16533	55	22	8	14
14669	90	29	10	13
5475	54	26	5	12
17989	85	28	8	17
4215	93	35	8	12
8339	75	27	6	13
108	83	32	12	18
18389	84	37	8	13
15200	89	31	9	18
20594	46	13	6	12
167	77	27	7	9
11202	73	26	8	13
1250	61	28	5	13
13801	82	33	.	12
10928	17	7	7	2
12579	87	37	8	9
10750	86	32	.	19
18057	62	23	6	14
20184	56	20	8	13
16177	72	26	.	18
3749	42	15	.	2
15210	21	10	.	1
5216	23	11	9	3
9900	75	29	8	13
15681	70	34	9	11
5715	76	24	8	12
5991	68	25	5	18
11916	43	19	.	9
9165	77	25	7	13
2089	11	4	8	0
16311	50	28	8	9
12598	89	37	9	15
12664	52	17	6	8
5067	47	20	6	8
971	40	20	12	5
20914	68	24	7	8
19960	38	18	.	3
11901	63	23	10	16
14247	79	24	8	17
19923	92	29	7	18
15967	51	21	6	11
18092	45	16	6	9
16197	76	35	10	17
7622	92	36	12	17
12248	58	23	6	14
8819	60	14	4	10
16466	66	26	7	10
5808	88	25	.	16
10818	56	23	8	8
3534	50	25	8	12
10797	73	26	7	15
15819	36	18	10	8
7133	87	23	7	13
17621	37	17	9	2
16590	90	31	7	15
19699	51	15	4	12
1941	15	3	.	2
21229	94	36	7	17
19992	49	23	7	10
1984	76	31	8	17
17747	95	34	.	19
5383	83	37	13	17
5062	90	35	8	15
2918	61	28	8	17
13472	83	25	8	12
14723	73	26	8	13
17358	54	20	7	13
8244	72	26	7	18
14452	53	25	12	10
16004	89	32	.	19
10	55	22	9	10
14407	77	24	.	12
9377	70	34	8	17
8328	79	38	10	15
232	89	34	10	17
5668	61	22	6	17
18212	82	24	8	14
12872	50	19	8	9
3246	60	26	7	12
5526	88	27	8	17
15517	87	35	8	16
19853	41	18	6	.
1226	58	21	4	13
19246	58	23	.	7
26	53	25	4	9
16083	90	28	9	18
12945	87	32	9	18
16725	98	40	9	18
19774	79	33	7	19
7226	55	23	10	14
3006	76	28	.	9
9354	65	25	9	13
14912	65	22	7	16
11306	24	9	7	1
12640	80	29	7	13
7757	37	14	9	5
18378	67	32	.	14
17398	52	17	4	13
6038	56	24	11	12
54	68	28	9	14
4052	69	37	10	12
10776	64	23	6	15
6066	45	21	8	9
2159	83	25	7	18
1474	92	30	6	15
1317	68	16	7	15
15033	59	30	8	15
2927	45	18	8	13
18105	89	38	9	16
827	85	26	4	19
8415	74	29	.	13
19046	75	29	9	11
4530	81	29	7	15
12696	21	11	8	0
1071	64	31	9	10
17036	57	26	6	9
15880	72	25	7	10
8890	80	28	6	19
9097	58	20	.	12
16303	87	27	8	16
6592	32	19	8	4
12136	16	4	4	.
13929	66	27	6	9
1738	80	36	10	16
15378	13	4	10	2
20278	92	30	5	19
13959	76	34	6	11
14259	67	22	7	13
20154	74	31	.	15
199	96	36	8	15
2841	91	37	9	15
15964	82	33	5	15
4892	73	33	7	14
2111	75	34	6	12
11243	80	24	.	17
21105	66	26	.	14
1164	33	13	6	6
19687	82	29	10	15
3448	63	24	6	14
13580	89	29	10	15
4757	70	25	6	13
18645	38	12	9	6
11678	71	28	7	10
11149	67	21	8	12
7821	54	19	.	9
15438	43	17	6	9
12330	71	33	11	11
21	50	19	5	12
6227	31	18	8	11
20520	90	36	10	17
12744	75	27	8	16
17888	78	27	7	14
1382	83	32	7	18
733	85	26	4	16
11927	91	38	12	17
12304	92	28	7	17
608	82	35	9	16
12642	42	18	7	5
3469	90	35	8	14
12849	95	43	12	15
14907	77	23	8	12
15937	49	22	5	12
17703	52	26	7	8
4546	72	28	8	12
17535	60	20	.	10
9639	69	24	9	18
14179	59	22	6	9
11165	52	22	9	12
19523	95	40	10	16
2512	86	31	7	16
18470	83	32	10	17
1198	49	21	6	13
15806	49	18	7	12
7080	76	22	8	13
16799	61	23	8	11
17667	78	26	7	11
9368	57	21	7	14
12610	58	28	7	9
19921	76	33	6	13
1405	59	20	7	12
6757	77	29	7	13
11497	31	16	8	3
3613	58	17	5	17
15431	51	19	6	10
6608	37	17	7	6
7956	34	13	.	2
18909	83	31	7	14
3268	78	35	10	11
19538	77	25	6	17
14307	57	20	4	11
10306	43	13	.	13
11458	84	32	12	15
2356	50	18	4	8
7606	74	25	.	15
106	59	21	10	13
17155	74	22	.	16
19076	60	25	.	12
6192	69	24	.	15
1948	55	20	.	8
17437	93	32	9	20
19109	37	16	7	7
19301	61	22	7	17
10333	87	34	12	20
5021	48	26	4	9
18515	82	34	9	17
21171	71	31	7	13
9397	91	41	9	18
18280	55	20	9	8
2236	93	38	7	17
17341	32	16	5	3
3811	99	29	6	18
2959	72	34	8	11
12287	95	36	.	15
8182	77	31	9	14
5375	40	12	9	9
8183	72	25	7	11
2707	78	26	7	17
7477	73	20	8	15
9241	39	16	3	9
8500	76	27	7	15
21026	46	19	7	11
16050	51	23	7	13
13145	32	13	6	2
19436	48	27	3	9
20909	76	28	8	17
10545	64	29	8	14
10135	82	33	8	15
8569	67	22	.	14
12149	86	35	7	15
18480	94	32	14	19
16763	86	40	9	15
5935	75	35	.	13
1237	35	16	5	11
10842	44	16	5	7
6142	38	15	6	6
13386	59	28	7	12
3929	49	18	8	5
15282	64	21	9	17
10788	53	17	8	11
18416	52	20	6	12
5110	74	28	8	11
5831	82	34	11	15
17151	14	4	.	1
7795	89	22	.	15
4784	51	21	7	14
16010	93	38	10	18
14172	83	27	.	19
8446	56	16	6	14
6252	35	15	.	7
18781	53	25	8	6
14454	76	27	9	13
17193	84	31	9	8
21023	87	32	8	20
18303	73	19	6	12
14481	87	33	.	18
13035	58	24	7	12
11449	83	37	9	18
1380	7	0	8	0
17798	75	37	9	18
20592	51	25	9	5
2673	93	36	11	20
5854	34	15	.	4
3698	83	30	8	17
10268	95	41	13	19
3378	96	35	12	16
11290	36	13	8	10
7101	82	32	9	14
9648	95	42	10	18
13697	71	19	8	15
1455	77	28	8	17
11519	39	17	10	8
55	80	21	8	16
20434	53	20	7	9
388	42	16	.	10
4096	66	13	.	17
18511	69	28	9	12
4280	89	36	8	10
8931	81	28	5	16
13316	79	24	7	10
4594	25	7	3	0
6631	46	21	7	8
19206	45	27	8	6
14567	38	15	4	9
19332	87	18	5	14
348	53	15	3	9
16170	92	35	11	15
4746	80	28	.	13
14582	63	22	8	10
5866	47	20	7	9
2198	37	19	7	3
6589	89	40	7	16
3359	79	34	9	13
10606	64	31	9	18
4913	60	18	5	12
9356	16	4	6	2
8826	96	39	12	14
17796	62	23	.	13
11045	87	28	7	17
3038	91	35	5	18
21113	25	14	8	2
12126	35	16	8	9
1986	81	33	9	19
15640	90	38	8	15
16905	45	22	6	13
15094	41	15	6	9
20652	57	25	.	16
10995	35	13	8	7
18133	52	23	9	10
15142	82	32	10	19
17150	67	18	8	16
15107	54	25	6	11
18403	97	36	9	20
10953	65	20	3	11
3210	59	23	.	14
17579	80	25	8	16
14341	48	21	10	11
17097	58	25	6	16
5922	79	38	6	13
12029	88	30	10	17
19078	94	20	5	18
11411	83	29	.	18
5298	79	25	6	16
13210	95	30	8	19
10369	53	14	.	9
20429	33	14	.	2
16324	78	30	9	19
19049	41	23	6	8
2472	89	32	10	18
19098	77	29	6	14
18075	44	19	.	6
8507	87	30	8	17
20859	41	20	8	7
11719	81	21	7	18
10022	79	33	9	15
14293	55	20	8	12
17270	28	9	6	6
15254	71	26	6	16
16795	49	19	7	11
12707	10	11	7	5
12874	76	27	8	13
17574	39	17	7	5
707	49	16	8	11
10219	76	35	.	17
7829	89	25	6	17
3025	79	27	7	15
4059	73	23	8	9
15863	40	20	.	10
16078	62	25	7	17
17952	31	13	.	1
18914	70	30	7	13
10267	60	22	6	15
9064	33	10	7	9
9436	43	20	8	6
13126	42	21	6	8
17048	88	26	8	18
16416	72	36	10	10
8248	68	30	8	15
19916	89	31	12	12
9557	67	25	8	17
17672	59	19	6	13
21089	78	31	10	13
8051	52	16	6	15
7220	95	38	8	19
1533	76	28	.	14
12586	72	26	5	18
11375	74	27	6	13
10314	68	33	9	14
10436	80	35	7	16
19861	90	32	7	17
13833	47	23	6	15
560	44	20	6	5
7732	65	29	.	12
4238	18	8	6	2
3432	85	26	7	16
20910	97	37	.	17
11512	28	10	10	9
19059	91	30	8	18
12095	63	27	9	12
7527	56	18	7	12
18621	85	30	4	15
20820	85	34	7	15
10243	86	37	.	14
587	35	17	8	9
12751	80	26	8	15
2907	83	29	5	13
12110	45	12	8	13
12190	87	27	8	19
11352	66	28	7	14
4077	46	17	5	5
5264	52	20	8	8
4584	80	17	8	20
15198	69	23	10	13
14142	54	18	8	12
20959	15	9	6	0
2807	92	25	8	18
828	49	26	.	11
4439	72	30	7	16
16348	77	35	8	9
20744	81	28	10	17
3017	85	31	4	16
20224	43	22	.	15
9699	93	28	8	19
10811	65	19	6	14
15040	96	38	11	20
10302	81	31	7	13
12306	27	4	6	2
16247	59	20	9	13
11771	61	19	6	12
3078	97	34	7	18
12650	94	34	6	12
13260	72	19	9	15
15019	48	26	7	2
9359	65	30	10	15
9209	29	11	9	4
9177	72	31	7	11
12366	95	36	.	18
13862	95	31	5	18
18245	52	18	8	13
11911	52	23	11	17
339	92	26	.	18
13922	65	23	6	12
8963	74	28	.	16
220	89	31	10	16
18412	87	29	5	12
6216	27	11	7	4
7857	77	29	10	17
13924	60	19	6	13
1281	53	21	5	11
7300	67	25	3	16
19302	81	21	7	15
19710	62	24	7	14
14542	89	31	8	20
17290	43	19	4	8
15565	78	33	9	18
17957	50	23	6	8
18483	59	21	6	15
13690	57	20	7	9
10460	89	30	6	12
446	66	31	8	12
6865	65	19	7	15
3090	61	18	5	19
2670	73	25	.	16
9555	51	21	8	15
18438	93	32	3	18
14147	49	19	7	13
12420	80	29	7	14
8862	78	21	5	17
17164	63	13	5	15
1761	64	27	3	11
6818	76	29	9	15
7473	76	19	8	13
4503	48	25	8	10
7603	77	34	7	17
8745	71	24	7	16
19150	93	36	9	19
5979	51	21	7	12
384	43	16	5	7
14221	20	3	5	0
10925	45	15	.	10
15352	85	30	7	19
5209	53	31	9	12
12527	60	29	6	14
6494	73	30	9	11
18061	86	25	8	16
11473	75	35	10	16
2703	67	33	5	12
10685	52	18	6	12
12909	46	18	6	11
13552	96	36	8	17
3825	80	29	7	6
3559	62	19	7	11
5583	77	27	7	16
12497	59	21	7	11
844	27	11	6	2
16748	49	15	.	13
20263	93	32	10	19
20539	95	33	12	17
13354	63	24	9	7
52	63	21	9	13
16224	77	32	8	15
7354	73	20	7	16
16421	38	12	6	8
9727	78	35	11	12
17836	53	22	6	9
18082	46	20	8	9
10745	86	34	11	17
1570	38	13	.	8
21056	30	16	6	6
1385	92	40	9	16
11809	46	19	8	13
6540	76	27	6	17
3957	58	22	7	13
5670	70	18	7	18
18713	65	26	8	19
10881	93	28	8	14
6271	71	28	8	18
21233	95	34	10	18
11929	65	20	8	16
2348	71	21	6	19
10046	68	28	6	10
3064	52	17	7	12
1235	89	33	9	17
13475	38	16	.	4
1495	51	20	6	4
3584	71	32	12	9
4365	80	23	6	14
12492	55	21	5	9
10475	42	21	7	5
14570	43	15	7	9
9574	87	33	12	17
17134	28	13	5	6
5565	84	27	8	16
3662	91	30	6	14
9722	82	26	7	10
5032	67	31	9	14
17211	80	27	8	15
20714	36	13	8	12
13867	62	23	.	16
14804	91	34	.	18
12661	85	29	8	14
6123	63	18	6	9
12437	69	36	9	13
19602	43	16	5	9
4687	94	32	7	19
21019	57	17	5	13
1038	59	21	6	14
4278	67	24	.	14
9634	40	16	5	9
19409	39	18	7	8
909	65	24	8	10
5050	69	28	9	12
13233	41	17	9	6
10875	43	19	7	9
18818	57	21	5	10
13536	23	6	5	3
9728	81	19	5	15
8664	74	17	.	14
2825	53	19	6	7
7549	53	15	5	8
3301	78	13	6	15
11067	86	34	11	14
12620	56	22	10	12
16936	64	19	7	16
13470	67	27	8	13
12008	43	21	9	10
11687	54	22	7	12
21108	83	26	6	12
15522	55	21	9	13
11975	45	22	9	12
19449	44	20	.	8
10432	58	25	7	16
9238	58	26	7	14
11326	50	19	6	14
238	42	21	.	9
12739	56	19	6	14
8034	65	20	8	9
15789	56	33	9	13
896	66	33	6	14
3366	69	19	.	10
9568	35	16	6	9
2379	88	39	12	19
597	73	21	6	14
6113	80	19	5	8
20842	24	10	4	3
17204	78	32	9	19
16283	69	23	10	15
9626	91	38	5	13
11776	92	29	6	18
15657	74	23	8	14
16060	51	21	2	9
19664	92	28	6	18
18059	63	19	9	11
1442	53	18	.	8
7770	90	34	10	19
8718	48	23	9	8
17819	74	27	8	17
5065	82	36	4	15
16972	71	27	7	16
16157	45	20	6	12
18816	94	33	8	16
4277	61	20	10	11
17841	97	36	.	14
17870	56	20	.	.
16128	39	12	3	0
14770	58	31	10	12
3884	82	28	.	14
16211	84	27	4	13
11459	74	27	10	14
14815	95	39	8	18
7767	22	14	6	0
10409	87	38	.	19
13553	85	30	9	17
16367	82	30	10	14
6643	36	17	7	12
3812	72	31	7	14
4114	93	28	7	19
4986	43	12	8	7
17441	55	24	9	8
17773	37	17	9	4
18659	66	30	.	12
1098	84	39	11	14
16381	63	28	6	12
18561	82	23	7	18
7134	66	25	7	13
10620	56	15	5	12
8470	73	27	8	16
19493	41	16	9	15
10635	52	17	5	12
4233	49	21	7	9
9078	88	30	7	17
7566	76	33	11	18
1220	90	31	11	20
6372	58	22	.	11
2663	22	7	3	2
6200	94	37	8	20
16241	53	20	.	13
6663	60	25	7	7
10912	80	36	11	16
1523	90	21	9	18
12099	94	32	7	18
8927	92	33	7	18
9827	68	34	11	13
20960	76	22	4	17
9943	51	19	.	5
2358	82	26	8	8
18333	73	28	.	9
7883	46	27	7	14
8369	51	24	6	7
4830	72	19	11	12
1716	45	14	4	8
20331	68	29	8	11
4829	49	22	8	9
4905	86	35	10	18
16080	44	21	5	12
3904	79	23	8	18
13135	83	36	9	14
10952	36	17	7	9
233	88	31	.	15
19382	47	8	6	12
7556	65	34	10	12
641	65	25	8	13
1401	92	32	8	19
16599	95	37	6	18
20338	63	22	9	14
18670	83	33	9	13
12622	76	26	7	19
8134	78	18	7	10
5693	58	23	11	13
19031	86	38	9	11
2917	65	36	8	12
5635	53	16	3	11
14090	80	26	5	14
4906	39	16	.	7
20516	61	26	9	17
16878	51	13	5	10
16566	84	29	5	17
19521	91	29	6	19
16450	95	36	11	15
10011	64	24	5	15
11504	57	27	7	11
20982	67	27	8	13
3389	78	29	9	18
10261	57	23	6	6
16818	86	31	8	16
308	82	38	9	14
19934	78	35	9	17
16291	74	19	7	17
16086	81	30	6	17
12680	93	28	6	17
20735	57	21	5	6
15544	72	28	.	13
4409	95	26	8	18
19044	32	19	10	5
19574	91	27	.	17
4130	58	20	3	14
7540	86	34	8	18
4289	53	20	.	14
16427	75	30	9	15
5169	52	19	6	14
19994	77	31	6	17
11468	84	24	7	18
4820	88	30	6	16
18769	42	21	8	9
19354	53	22	4	15
3953	75	29	11	9
1376	71	30	8	14
21240	17	2	3	4
9845	28	15	7	7
5970	49	19	8	8
17829	61	18	.	13
19666	85	25	8	16
11899	77	26	9	12
803	86	31	.	15
12424	81	30	7	17
12643	88	36	.	19
12073	75	25	6	16
4328	93	19	5	17
4991	57	21	8	12
13548	87	33	7	19
2437	68	22	7	16
900	65	18	3	16
18751	58	19	7	12
1966	20	11	.	2
21178	65	28	5	13
14862	77	26	.	17
9098	74	27	7	16
6221	92	40	8	18
13884	77	30	8	15
9800	78	27	9	11
11435	84	35	.	17
20895	63	34	.	13
1951	71	26	6	13
6854	50	17	4	13
6842	87	34	8	17
12946	51	19	.	15
7990	84	21	6	16
4462	15	10	3	0
3128	76	19	4	17
2550	88	35	8	14
14666	80	30	9	20
13711	86	25	7	18
2805	92	34	6	17
3297	42	17	3	8
17040	57	24	10	10
2179	95	37	11	19
16096	86	25	6	13
5789	80	21	7	10
165	48	23	6	11
13596	59	22	4	11
20641	92	35	11	18
10461	34	17	12	1
7853	49	25	10	6
8840	76	30	9	13
1586	45	18	5	11
10179	51	19	7	10
3088	69	31	10	11
14775	93	37	.	16
4502	52	20	7	7
9380	88	35	10	17
10664	63	26	7	13
4090	55	23	8	15
11743	96	31	11	18
954	64	30	7	15
7729	72	23	.	10
17689	88	33	10	16
11634	54	27	7	12
17481	48	19	6	7
13123	88	24	5	14
17650	36	17	6	5
19021	91	29	9	19
16825	77	30	9	15
14811	85	38	.	14
15575	79	32	.	16
5932	64	19	7	12
6542	84	35	9	17
11012	69	25	8	15
10608	93	29	12	18
18009	71	30	.	13
10849	82	29	3	16
4737	83	35	5	19
19080	81	31	9	17
6977	81	33	6	15
9563	70	24	6	13
1394	15	3	6	0
19168	79	33	6	18
6158	92	30	6	19
12081	36	17	10	7
9227	98	30	9	17
13834	90	29	8	18
4600	87	35	6	17
6501	84	30	10	17
10913	30	17	8	4
4339	66	20	6	14
4621	61	24	6	15
17130	47	25	9	8
6027	86	36	8	17
2226	61	15	7	13
19195	77	37	8	12
13320	95	39	8	20
7425	83	30	9	15
6257	37	15	.	5
453	60	16	.	9
14892	75	15	4	16
12505	95	41	9	18
8672	83	22	6	15
13147	82	27	6	19
19122	72	27	9	14
11240	88	31	9	18
13291	16	10	8	0
13264	56	24	5	15
8869	76	26	10	15
17663	69	29	6	18
3965	41	20	9	7
708	28	11	6	1
15427	67	24	.	14
10069	61	22	.	11
3635	35	10	9	4
4490	32	13	.	4
7701	70	29	7	16
9830	71	27	9	16
911	49	22	7	7
12050	55	19	5	10
5929	89	27	8	17
18379	55	16	8	12
16494	46	24	7	6
17670	68	27	.	9
10901	86	33	5	17
2572	41	16	6	10
17816	30	11	5	11
4483	49	29	7	12
10183	24	10	3	2
6940	83	26	7	18
9920	52	21	11	11
16419	51	19	.	8
9170	41	11	5	1
5615	54	22	6	11
11362	67	30	10	9
5289	89	30	9	14
5676	59	25	.	9
20794	23	12	5	5
6856	32	12	6	3
2616	60	22	.	16
6660	49	26	6	7
8208	70	29	5	14
10278	87	31	7	16
15471	48	20	8	14
9015	30	13	7	6
4000	96	27	10	18
12399	62	26	6	6
7258	80	30	8	11
11177	61	19	.	8
9635	67	27	6	14
18086	74	21	11	15
16249	91	27	9	18
11754	64	21	.	11
12214	54	14	8	17
13344	86	22	6	15
2031	47	16	3	7
21163	77	33	.	14
932	73	28	4	13
21239	34	16	5	6
9252	71	24	6	11
5352	86	36	.	14
19072	73	25	.	9
1963	88	36	11	15
14777	56	4	6	15
6392	85	35	6	17
3322	71	25	7	9
17612	37	16	8	4
11285	85	36	7	17
20942	62	27	13	12
10077	56	21	6	12
15908	86	37	11	14
3137	77	27	6	16
14451	43	23	7	10
1729	91	39	9	20
10236	83	37	10	16
1137	67	23	.	17
1205	49	20	6	10
12467	96	35	11	17
19570	91	24	9	16
21126	98	29	.	17
12122	59	25	10	15
12544	79	23	8	18
2504	86	36	8	11
1886	57	23	7	12
14339	72	35	7	16
6130	46	20	.	6
20947	48	12	6	8
18111	90	30	7	15
429	72	30	8	15
17570	51	18	6	9
19848	91	36	7	17
7228	82	33	7	15
6772	55	22	8	9
11833	44	21	.	10
13181	88	28	7	18
9933	49	21	.	16
16514	57	24	7	14
8823	71	29	9	12
12207	66	22	6	14
5055	60	25	8	11
13428	53	25	.	14
1594	88	34	9	16
5959	55	25	.	14
16003	72	29	10	15
1858	98	40	13	20
14918	85	34	5	15
21271	61	30	9	9
14479	53	19	7	9
13838	66	26	.	11
11986	91	32	10	16
10667	50	19	7	18
18521	61	21	8	14
19897	96	35	9	17
14189	50	24	7	6
20908	39	13	3	8
3028	58	22	5	11
18183	73	25	9	17
14141	56	17	7	14
596	55	24	8	12
8423	69	27	6	15
18336	59	20	.	12
455	44	16	6	9
9411	95	39	10	18
19789	39	17	.	7
1066	79	26	6	16
10997	49	24	13	10
253	70	29	.	13
16608	66	26	7	17
788	28	11	6	1
13594	51	20	5	7
20377	25	9	8	9
14444	47	23	11	16
11128	49	19	7	9
3614	88	37	9	17
10636	83	33	4	17
11627	63	23	7	14
18221	80	36	6	16
15148	67	32	8	13
17528	63	33	8	17
5689	63	29	10	15
19952	81	34	7	16
14374	65	28	9	14
10245	75	25	8	13
11502	74	31	9	14
13282	55	36	10	9
19754	87	30	6	16
13240	79	34	8	18
15081	19	10	7	1
5026	88	31	6	17
9693	76	32	6	17
1411	51	28	10	14
4879	85	38	.	15
5873	85	36	12	20
17540	62	26	6	11
14318	55	23	7	17
14486	41	18	5	14
6521	71	25	6	12
2369	71	29	6	15
5972	83	31	11	17
17814	39	14	6	8
7939	80	27	8	15
6103	92	35	12	13
5208	34	12	7	3
14782	46	23	7	11
8406	82	35	8	13
16577	71	30	8	15
7250	51	21	11	11
360	95	35	.	18
6314	20	10	.	2
4480	89	25	7	16
5768	85	31	.	17
12162	26	10	5	7
1483	70	38	.	9
19528	66	28	8	12
1184	50	19	8	8
14058	48	16	.	11
318	70	24	5	16
1251	40	26	9	15
2835	32	18	7	4
2634	56	23	9	9
15164	49	18	6	8
19738	80	33	7	18
6081	68	30	9	10
20804	84	30	7	16
679	76	32	7	17
1678	92	37	10	17
9248	41	18	6	3
12211	59	17	3	11
2420	80	29	10	15
569	90	27	7	18
6074	59	31	9	15
16883	63	29	11	13
11588	70	33	10	10
12240	38	18	10	6
19650	61	26	6	13
14949	87	30	.	17
14977	84	28	7	16
12983	96	41	11	18
6383	65	23	10	14
20261	54	19	7	14
11456	66	23	7	14
12479	23	9	5	3
13028	59	17	2	11
4241	99	38	12	16
3354	78	28	9	12
17950	83	28	7	17
18400	25	10	6	2
16333	84	37	9	17
10730	92	33	10	16
10598	80	27	.	16
5247	69	24	8	13
11814	80	31	.	17
21254	56	23	5	16
12687	53	22	9	11
4558	98	29	.	19
13285	91	32	7	18
14896	67	24	7	14
7811	39	16	6	10
4623	89	34	11	13
19963	35	18	5	6
15954	85	21	5	15
7714	92	31	.	17
20450	59	21	8	11
9628	99	36	10	19
11235	63	17	10	7
21077	79	24	5	14
15036	22	11	.	2
557	79	27	6	12
10068	80	26	7	13
19840	56	21	4	14
9056	94	32	7	15
12918	75	26	8	18
12759	38	16	8	9
16248	52	23	9	10
13042	36	15	6	4
6341	81	31	11	16
1344	65	35	.	14
19433	66	29	7	18
592	94	40	11	19
2189	39	22	10	8
10081	84	34	9	16
20553	48	22	6	8
10346	82	36	8	18
3318	93	32	8	16
3672	54	23	4	12
178	90	28	.	13
16979	92	31	9	19
2809	95	35	9	15
1936	55	27	9	14
18770	56	28	8	14
17754	81	32	8	17
7593	60	25	7	18
18636	72	28	8	17
6253	91	35	10	19
10609	55	22	10	9
13626	50	20	4	5
8398	43	22	9	8
1187	94	30	5	19
8942	58	24	7	14
10552	72	29	8	17
12764	81	29	7	19
17769	53	24	7	14
8950	16	4	11	.
17737	78	21	5	15
17160	58	20	8	12
18282	76	32	10	13
15307	97	35	9	20
2430	85	28	8	10
1512	35	15	.	4
11826	91	42	8	15
16740	68	25	3	13
7399	85	35	5	15
1482	92	35	.	18
8063	79	28	7	15
10589	41	13	7	11
14303	41	7	.	6
412	79	27	7	14
5975	66	26	8	18
2277	49	19	8	11
10687	41	16	.	11
10440	84	29	7	13
15945	74	35	9	17
5086	48	16	6	12
9383	84	36	9	16
3447	62	35	9	9
10888	61	28	8	15
4569	82	23	7	17
18067	86	26	7	13
6820	88	29	7	18
11680	54	27	9	11
19001	86	28	10	18
1819	77	32	6	18
14279	60	23	6	19
18867	77	26	8	12
3737	71	12	8	18
18586	81	32	.	15
2530	47	19	6	13
11625	45	22	9	14
10619	69	31	9	15
13239	87	25	7	17
12226	83	28	8	15
4531	86	34	8	12
14108	39	16	9	4
1853	53	20	6	13
801	65	26	5	16
2838	34	17	6	6
14490	51	18	6	9
4498	81	37	.	17
20049	80	38	10	15
10784	75	27	9	15
17811	79	31	10	15
18137	86	33	.	18
10258	38	16	5	13
123	48	22	8	8
19859	43	12	7	7
19629	81	30	8	14
19924	89	40	7	17
6623	59	19	.	5
3060	91	31	.	19
1874	98	40	11	18
8524	83	30	10	12
11105	48	29	10	15
9026	40	21	.	7
3393	92	27	7	15
8799	92	25	7	14
6417	25	17	.	3
4832	58	37	9	10
16106	94	31	11	18
3893	62	30	9	11
9668	55	27	11	12
15463	89	40	9	17
12158	81	24	8	18
15086	94	30	8	16
17239	26	11	8	3
4411	56	23	8	13
20798	46	17	7	10
191	75	25	7	12
7778	65	26	8	18
10209	86	43	10	17
8014	87	23	4	12
3632	90	39	7	15
9143	94	32	6	18
14515	100	37	7	19
15510	75	25	6	16
16412	88	41	13	14
12397	84	30	8	14
8093	68	31	8	13
9808	86	26	6	17
20027	35	16	8	3
6614	39	16	8	6
982	85	33	9	11
15802	77	33	8	13
13228	72	24	.	18
465	59	23	8	14
18345	67	28	6	16
4907	95	39	.	16
15769	87	29	9	13
5869	65	30	6	16
17265	73	33	10	14
4313	35	16	5	4
10123	86	23	6	16
10867	77	38	.	12
703	66	25	6	14
19552	90	23	6	18
11329	55	19	3	13
18348	67	31	9	12
7318	83	34	11	14
7316	55	22	10	9
19571	91	37	7	17
20028	78	26	8	15
6350	94	30	4	18
11471	58	24	8	15
3087	69	30	6	8
7264	53	16	7	13
14964	68	30	8	10
3694	80	37	10	15
17721	62	18	5	14
1852	64	28	6	12
18410	51	24	9	8
8194	87	31	4	18
19733	68	32	11	14
2728	71	29	12	17
5551	16	11	6	0
13080	63	26	9	12
19435	42	20	7	6
59	49	22	8	10
12003	62	26	11	11
7263	81	35	7	18
2584	87	31	6	15
20243	93	40	12	18
20252	48	21	.	10
11238	51	19	.	9
4494	38	16	9	2
19140	96	26	8	16
7150	62	29	9	.
1082	54	15	5	9
6308	17	10	.	0
13641	58	22	.	11
17397	91	38	8	16
9681	49	27	8	14
15844	58	24	.	14
13118	49	18	8	8
14740	38	18	9	7
12284	45	19	9	8
20833	95	32	9	14
13573	81	34	10	15
20182	37	15	6	4
9282	74	34	9	11
5345	68	25	7	19
10693	39	21	9	3
9512	49	21	.	10
14729	32	11	4	3
1958	75	37	8	16
11130	66	28	6	14
19806	88	36	9	18
1161	82	28	3	18
20729	78	27	8	13
16860	83	32	13	16
21211	86	30	6	19
8193	49	19	6	10
7149	89	35	7	18
16980	82	30	.	16
4488	26	12	6	2
18439	69	18	7	16
295	75	29	3	16
6235	66	24	8	13
1155	92	39	10	20
17232	37	17	.	7
2252	64	12	6	10
7452	42	24	7	10
19632	53	19	4	11
18700	83	30	4	13
7240	78	30	11	16
4248	67	22	9	8
8311	88	30	8	18
16560	86	35	5	18
1632	62	21	6	11
17486	84	39	9	13
18663	82	25	8	7
17126	92	35	9	13
3281	50	21	7	18
7666	57	22	8	13
2458	46	15	8	7
1068	54	17	.	13
17335	76	27	8	13
18472	67	29	9	12
4427	65	23	9	10
6602	56	23	8	14
18013	77	25	7	13
5128	62	29	4	16
1224	90	32	10	12
12327	75	31	7	16
3820	65	15	.	15
18256	91	33	11	18
9186	92	27	.	18
16717	81	36	9	17
18845	78	24	8	13
3299	78	30	8	16
17909	13	3	.	0
3744	79	30	7	14
15535	66	29	7	12
15860	92	31	7	19
19415	88	31	7	18
5761	61	17	7	13
15817	66	16	5	8
1882	50	22	.	6
5575	87	23	5	12
14105	85	25	9	15
1274	80	32	9	17
5514	68	24	6	18
6566	75	29	.	17
12084	53	24	7	14
1470	76	33	8	15
4140	79	37	10	18
5132	69	31	.	12
10838	81	34	6	15
7677	19	10	6	4
18862	62	20	7	19
18037	27	11	8	7
13845	87	34	10	18
8589	82	31	11	16
2217	84	21	7	18
16721	59	39	13	13
14031	72	22	6	14
20325	39	19	6	9
9092	77	23	7	14
18875	57	17	3	11
18323	66	28	7	12
248	97	35	11	17
3661	43	21	9	9
3274	94	27	6	16
15043	39	17	7	9
19295	98	32	8	18
13338	22	9	6	4
1621	66	22	8	11
10980	75	27	9	17
5518	61	22	4	10
13908	91	24	7	19
18520	26	8	6	2
20926	44	19	8	9
18049	37	17	.	7
3951	45	21	8	11
3461	87	33	.	14
13067	87	41	10	15
6193	74	31	9	14
17475	94	30	6	19
18635	62	25	.	18
14097	90	38	13	19
11003	35	10	7	3
8750	90	28	10	19
6181	26	11	9	3
4107	64	33	11	15
13720	71	21	6	17
5951	55	24	11	8
18987	48	20	7	9
1863	74	33	7	19
14552	79	26	.	13
18512	93	36	8	16
17149	65	28	12	18
9643	94	37	10	20
7310	52	30	7	16
3387	70	24	6	18
21262	86	33	10	17
14827	72	22	6	16
18646	42	12	.	4
6811	91	33	9	17
9897	86	28	8	17
8534	88	31	9	19
9735	81	24	9	13
11381	75	30	8	13
17285	65	33	8	15
14379	87	17	6	16
17213	78	28	9	16
7153	53	19	7	11
8701	67	29	8	16
13568	61	23	4	11
5887	70	14	8	11
19865	74	23	8	16
13439	85	33	7	15
8342	84	33	7	15
19592	51	18	9	14
12026	66	20	8	13
20162	79	26	.	14
13850	60	28	9	10
17215	60	23	7	12
8696	88	29	6	18
7543	66	25	.	14
2366	79	27	8	16
7787	58	19	9	11
12890	80	24	.	.
2365	93	28	9	18
10294	52	17	7	11
10109	39	13	.	7
14996	52	16	7	11
6933	66	26	4	15
16124	50	23	5	6
16509	76	28	9	14
13567	42	16	8	6
19556	83	37	.	19
1463	41	15	.	8
5938	49	16	3	10
3916	80	28	.	17
20534	65	33	10	15
20277	95	33	10	19
2893	70	32	.	16
20244	89	27	7	18
11068	63	29	8	10
9763	91	32	6	18
657	53	30	6	13
7910	78	28	7	18
694	84	31	.	17
9140	19	6	.	4
3098	84	28	8	14
2400	73	29	7	18
10161	77	29	9	17
10336	83	27	5	17
5018	68	24	8	14
13191	40	15	6	5
19115	91	39	8	16
19980	52	25	8	15
8315	86	30	6	16
5373	70	24	9	11
18665	40	22	8	7
3668	83	24	.	16
18309	15	4	2	0
8037	43	18	7	8
14344	85	29	8	10
8676	83	34	8	18
10112	77	29	.	11
17379	62	23	7	14
18787	52	23	9	11
7094	44	15	9	9
17252	58	24	7	9
9152	88	39	10	16
13562	38	14	.	6
14462	63	20	7	13
8830	89	30	10	18
4430	77	36	13	14
4239	93	28	7	17
19594	54	19	.	10
6434	77	22	.	17
11564	78	25	.	15
10381	56	20	8	10
4704	34	13	.	9
6986	64	22	.	15
17854	87	34	9	19
14404	93	38	.	19
3621	97	36	10	18
16488	52	21	.	7
19190	80	27	9	14
16518	84	37	10	13
13350	65	29	8	14
507	61	23	9	13
16719	71	27	9	14
15278	54	16	3	10
2411	77	30	7	16
11912	51	18	6	5
17321	70	35	10	14
10168	31	18	8	9
19476	46	19	6	11
15740	90	32	9	20
18877	88	32	8	16
8202	35	14	.	6
18557	73	26	7	18
21134	58	21	9	7
5657	80	25	6	17
8908	87	28	6	17
14230	86	29	8	12
16703	22	9	6	0
11875	68	22	9	15
15276	83	31	11	12
7298	94	35	10	18
15766	64	32	9	9
13836	76	27	5	17
1030	68	31	7	16
12291	92	36	8	15
1105	65	21	4	11
19973	88	34	7	17
10121	56	20	7	9
11193	62	27	7	8
3503	80	29	6	16
9558	59	16	.	12
8086	42	20	8	10
19218	65	21	7	18
14853	72	20	7	18
11269	42	17	7	9
1507	72	21	5	13
3697	45	20	.	13
11029	70	34	6	14
20575	94	35	10	16
10171	76	30	.	18
8130	32	8	5	2
16987	68	23	9	7
20938	90	34	9	17
10387	76	27	.	14
11904	43	18	6	7
11856	45	23	8	3
18015	76	35	8	19
14984	47	24	7	13
2010	46	19	9	7
18320	91	25	6	17
773	74	22	6	17
7766	88	31	10	16
12692	81	26	6	17
10835	76	29	.	15
17331	36	13	10	5
7826	41	18	.	6
21225	94	40	7	17
18684	94	33	6	15
10454	45	16	7	7
9364	28	12	6	4
1286	52	28	10	14
19676	65	17	.	13
17393	49	19	5	8
635	68	35	11	17
4385	73	35	7	19
5890	57	26	8	14
13902	21	8	5	2
13393	70	27	9	15
856	56	25	.	10
5362	45	22	2	4
4676	74	21	7	15
2732	56	25	.	11
443	77	26	8	15
18596	56	21	8	12
16011	85	22	8	15
15032	23	11	11	3
12745	77	29	.	18
10892	41	14	9	6
5284	63	20	.	17
17791	41	12	9	5
4565	63	22	.	13
14947	55	21	6	9
12498	92	29	5	17
12573	65	24	.	12
10876	40	15	.	5
2269	72	35	9	16
7163	63	22	8	12
11284	52	26	.	14
10231	89	24	8	18
2690	40	22	6	13
1759	70	17	4	17
6321	72	23	8	12
15345	92	35	.	16
2254	72	23	3	17
10070	79	31	9	18
2641	49	25	9	11
15128	83	35	12	13
20667	70	19	10	16
11460	87	26	10	19
18644	97	30	11	16
5744	92	36	9	19
8546	86	19	.	18
10411	60	24	.	10
16355	84	23	10	18
17230	38	25	11	15
5870	64	27	6	17
3363	73	34	11	13
1043	68	27	8	14
18601	94	28	6	18
9616	53	16	9	14
18708	39	16	7	13
15139	81	23	7	12
15861	26	16	8	0
20937	43	19	.	14
2055	66	24	.	16
19089	63	26	.	12
8476	92	38	9	18
14111	61	31	.	10
9402	83	28	6	16
4293	69	23	10	16
1977	55	24	3	14
7948	44	16	.	5
5627	70	25	7	12
3212	22	10	.	1
1279	74	30	8	15
5056	90	37	11	16
7321	52	15	7	14
3491	82	24	7	16
5554	71	36	6	13
17943	79	25	9	17
10801	67	17	9	16
16372	45	18	6	8
3718	60	23	7	9
8667	88	42	9	17
484	62	13	6	13
17932	97	38	12	17
8195	79	30	6	17
13108	78	27	.	15
19285	47	17	.	8
4163	39	10	7	5
370	62	24	11	16
16300	73	28	8	17
9665	76	28	7	13
3390	17	4	.	2
852	61	25	9	18
3042	37	14	.	6
18239	54	25	9	12
10859	91	35	10	19
4295	51	25	7	7
5613	70	30	7	15
1565	46	20	9	5
9911	52	15	6	16
8656	38	16	7	11
2752	53	19	8	9
2323	64	24	8	13
9731	51	18	8	15
1817	52	18	6	11
12408	51	20	9	12
20675	51	24	7	3
9578	81	23	8	16
10963	84	31	9	18
3976	80	37	7	14
456	82	33	8	18
11073	73	25	3	14
9268	29	16	5	2
13975	75	30	11	12
13442	43	17	.	9
4415	52	20	6	1
6075	45	22	7	14
8560	78	19	6	16
20219	84	29	9	12
5424	62	26	.	10
21292	50	22	.	11
811	89	40	13	18
19255	69	24	5	13
5063	30	15	6	1
3494	64	31	7	15
4670	36	13	8	5
7021	60	27	7	11
504	63	17	7	14
14544	91	32	6	16
6756	92	38	10	19
3705	73	15	.	14
3227	88	39	9	14
18844	70	24	7	14
717	96	32	.	15
20433	74	26	6	17
19123	94	38	10	18
18780	71	26	6	17
17591	84	29	8	19
12469	85	37	10	16
16307	91	36	10	16
10152	89	26	6	13
16344	71	24	8	14
6688	50	23	7	4
12971	46	13	.	12
1520	88	29	8	18
12477	83	35	.	13
9570	70	26	6	14
6336	36	13	6	6
18053	81	35	10	17
12651	53	25	8	9
5164	81	37	12	16
7145	75	29	8	15
19776	54	13	6	9
11600	76	26	.	18
12897	62	18	.	13
4626	88	34	10	13
18934	54	31	6	14
17181	88	31	9	15
10479	43	16	8	10
345	67	24	8	16
2684	61	21	6	13
7302	64	16	7	14
11622	91	26	10	16
16161	55	21	8	9
6224	48	16	.	14
13222	78	24	7	16
20216	65	26	7	15
4929	52	15	9	12
1032	19	10	7	7
10914	65	15	.	10
10821	51	21	7	8
363	42	20	4	9
13392	74	27	9	18
12385	96	39	7	16
7290	49	24	9	10
5274	57	23	8	10
15416	50	18	2	14
8189	56	22	6	15
2813	65	24	5	16
12057	56	26	.	8
16649	70	25	6	14
11978	72	19	6	17
2559	88	26	6	16
1806	97	37	7	19
17884	80	34	8	17
5531	50	20	7	10
19152	44	16	8	10
13678	91	30	10	19
13949	40	17	8	6
12052	71	27	.	13
12812	59	28	7	12
10851	34	14	7	4
18705	93	16	8	13
12079	51	21	5	7
1705	25	10	3	1
6549	16	4	9	1
9121	80	24	4	18
7198	91	31	.	17
18638	67	31	7	14
3007	83	27	.	17
2262	91	27	6	18
9771	67	19	5	18
12571	14	4	9	4
8140	92	37	7	18
15716	67	27	5	20
10396	85	25	7	17
14052	42	20	7	8
7961	74	35	9	16
9133	95	30	7	18
13148	49	16	6	11
4955	90	24	7	17
13598	96	39	.	16
12264	59	28	5	12
3040	50	19	9	13
13449	78	30	8	15
8631	43	18	6	8
5517	62	19	6	15
20190	93	38	11	18
13748	38	18	.	4
16376	77	24	6	16
5508	96	38	7	17
6262	42	12	5	3
12536	53	23	6	8
14251	87	20	2	13
14856	87	38	12	16
7968	82	34	6	17
2175	75	21	7	15
15545	87	31	8	16
6025	95	30	7	18
15512	74	24	7	17
20220	63	22	9	14
4552	97	41	10	18
5045	50	23	9	5
19446	42	17	7	10
19026	79	33	9	14
43	88	32	11	11
20289	31	12	5	5
11775	67	32	3	15
8639	85	34	10	16
13052	97	37	8	16
16255	96	40	10	16
1662	72	26	6	15
13654	48	20	8	13
84	88	23	8	17
8371	83	34	8	13
6938	92	33	5	19
2902	26	11	9	4
18302	61	30	8	11
11603	89	36	6	17
8594	65	18	6	14
12155	83	31	7	18
17751	73	35	6	13
19772	86	30	6	15
13653	48	22	6	12
1181	73	21	.	17
1027	83	36	6	15
11667	74	31	9	15
19051	70	30	9	18
6177	84	32	.	15
5823	85	31	7	18
15194	81	27	7	15
11212	44	10	6	13
10350	90	35	11	17
6560	78	33	.	18
2169	55	25	9	12
18148	32	18	5	6
15306	74	34	10	15
15783	65	25	7	16
13325	52	26	11	11
6957	88	32	8	19
14887	23	10	5	3
3964	58	15	7	13
19855	86	23	.	17
7712	79	28	9	13
10538	87	37	10	13
7834	79	26	7	16
6966	43	18	8	4
4202	96	24	9	18
4677	77	28	7	11
15859	81	31	6	17
15457	67	28	9	15
7353	86	36	6	17
14644	91	36	12	17
4505	57	25	6	16
11080	78	27	8	14
19709	58	21	.	14
196	66	23	6	16
19942	69	16	.	16
1160	97	39	14	18
21231	23	10	.	3
17127	85	17	.	17
5389	54	22	10	11
14888	77	29	.	16
15135	83	29	.	18
7913	45	19	5	3
1704	56	23	6	6
11425	89	26	6	14
15106	44	23	7	10
9447	43	20	5	8
20703	55	22	5	13
21249	29	11	9	6
6878	64	31	5	15
15714	65	30	9	14
16699	91	37	7	18
4748	92	37	9	17
9508	86	29	7	16
12952	49	22	8	15
5749	97	29	8	19
19214	83	33	.	16
8991	49	25	7	9
17070	89	19	.	15
5964	43	13	6	9
10904	89	33	9	18
19808	84	37	12	11
